                        t                     Fp_x                  Fvisc_x                 Ftotal_x                     Fp_y                  Fvisc_y                 Ftotal_y
  0.50000000000000037E-01  0.16197047488740904E+00  0.27142435502824042E+00  0.43339482991564948E+00 -0.51154711834518940E+00  0.73166879653169370E-01 -0.43838023869202003E+00
  0.10000000000000007E+00  0.14795200980965861E+00  0.20733361874522702E+00  0.35528562855488566E+00 -0.48502080932179598E+00  0.54957887143286532E-01 -0.43006292217850944E+00
  0.15000000000000011E+00  0.14475376628201414E+00  0.16700376770547457E+00  0.31175753398748873E+00 -0.48233899667544339E+00  0.42768880547252003E-01 -0.43957011612819141E+00
  0.20000000000000015E+00  0.14648652777270738E+00  0.13971884982126845E+00  0.28620537759397580E+00 -0.48986778790391827E+00  0.34205902897723392E-01 -0.45566188500619487E+00
  0.25000000000000017E+00  0.14838416373106775E+00  0.12059412722411546E+00  0.26897829095518322E+00 -0.49621166112574228E+00  0.28326041707046026E-01 -0.46788561941869627E+00
  0.30000000000000021E+00  0.15183340272770562E+00  0.10677288143959701E+00  0.25860628416730264E+00 -0.50629380578300687E+00  0.23911839811075284E-01 -0.48238196597193156E+00
  0.35000000000000026E+00  0.15570092742109776E+00  0.96164416551509230E-01  0.25186534397260696E+00 -0.51736694669615724E+00  0.20369232459895904E-01 -0.49699771423626132E+00
  0.40000000000000030E+00  0.15879900913628894E+00  0.87749159316937303E-01  0.24654816845322625E+00 -0.52617344024431911E+00  0.17585828144803962E-01 -0.50858761209951520E+00
  0.45000000000000034E+00  0.16148472487298007E+00  0.80980149713718322E-01  0.24246487458669841E+00 -0.53368939961569462E+00  0.15391779792140783E-01 -0.51829761982355382E+00
  0.50000000000000033E+00  0.16419533490128746E+00  0.75451980446512842E-01  0.23964731534780032E+00 -0.54127251099444151E+00  0.13596898878843980E-01 -0.52767561211559755E+00
  0.54999999999999483E+00  0.16718409101802484E+00  0.70826830669528204E-01  0.23801092168755306E+00 -0.54956184038610534E+00  0.12046908193712152E-01 -0.53751493219239321E+00
  0.59999999999998932E+00  0.17027571491641064E+00  0.66823630217693469E-01  0.23709934513410411E+00 -0.55802454748580232E+00  0.10670048302412092E-01 -0.54735449918339019E+00
  0.64999999999998381E+00  0.17335910781536618E+00  0.63295566000951486E-01  0.23665467381631766E+00 -0.56638376525905021E+00  0.94489655097505475E-02 -0.55693479974929971E+00
  0.69999999999997831E+00  0.17652535490382279E+00  0.60182633698223666E-01  0.23670798860204645E+00 -0.57490200349172460E+00  0.83679061354760657E-02 -0.56653409735624849E+00
  0.74999999999997280E+00  0.17966702549190222E+00  0.57420477841777000E-01  0.23708750333367923E+00 -0.58332894820802195E+00  0.74073421892862940E-02 -0.57592160601873565E+00
  0.79999999999996729E+00  0.18245209895751452E+00  0.54921343102658858E-01  0.23737344206017338E+00 -0.59083955728701076E+00  0.65534782999321986E-02 -0.58428607898707852E+00
  0.84999999999996179E+00  0.18484057368118179E+00  0.52619537383230726E-01  0.23746011106441250E+00 -0.59735692228025539E+00  0.57886620911493693E-02 -0.59156826018910602E+00
  0.89999999999995628E+00  0.18740535322998161E+00  0.50500542802989386E-01  0.23790589603297099E+00 -0.60437362158378460E+00  0.50775244057183339E-02 -0.59929609717806631E+00
  0.94999999999995077E+00  0.19071190018398060E+00  0.48564961914179097E-01  0.23927686209815968E+00 -0.61334528225988938E+00  0.43894214487398397E-02 -0.60895586081114950E+00
  0.99999999999994527E+00  0.19460683255449973E+00  0.46781510354214080E-01  0.24138834290871380E+00 -0.62386311311690679E+00  0.37257779695322683E-02 -0.62013733514737457E+00
  0.10499999999999399E+01  0.19856600189270288E+00  0.45102728311536618E-01  0.24366873020423949E+00 -0.63457064976573974E+00  0.31025687412900684E-02 -0.63146808102444962E+00
  0.10999999999999344E+01  0.20234847155820654E+00  0.43503052774032852E-01  0.24585152433223939E+00 -0.64484222061293872E+00  0.25220163028606161E-02 -0.64232020431007808E+00
  0.11499999999999289E+01  0.20599983568889932E+00  0.41978680150643446E-01  0.24797851583954278E+00 -0.65478096711450151E+00  0.19753842353659365E-02 -0.65280558287913559E+00
  0.11999999999999234E+01  0.20955764033898985E+00  0.40527863516017587E-01  0.25008550385500744E+00 -0.66446912205947650E+00  0.14579080531537392E-02 -0.66301121400632279E+00
  0.12499999999999178E+01  0.21299478312321043E+00  0.39146327728336809E-01  0.25214111085154722E+00 -0.67383483885141071E+00  0.97042083329330984E-03 -0.67286441801811736E+00
  0.12999999999999123E+01  0.21632228326188987E+00  0.37834087528838198E-01  0.25415637079072806E+00 -0.68291566529074832E+00  0.51260228141946241E-03 -0.68240306300932885E+00
  0.13499999999999068E+01  0.21961385999760163E+00  0.36597183797656099E-01  0.25621104379525772E+00 -0.69190487418261326E+00  0.80436655210920378E-04 -0.69182443752740230E+00
  0.13999999999999013E+01  0.22294036311467119E+00  0.35442289949809011E-01  0.25838265306448022E+00 -0.70096839852216508E+00 -0.33082153739254000E-03 -0.70129922005955758E+00
  0.14499999999998958E+01  0.22631220498521273E+00  0.34371788672752659E-01  0.26068399365796541E+00 -0.71009886046947590E+00 -0.72322388764918056E-03 -0.71082208435712513E+00
  0.14999999999998903E+01  0.22967392611651699E+00  0.33383991774826566E-01  0.26305791789134358E+00 -0.71911319952665242E+00 -0.10951755489753911E-02 -0.72020837507562785E+00
  0.15499999999998848E+01  0.23293195975050521E+00  0.32476668417225567E-01  0.26540862816773075E+00 -0.72773315549012607E+00 -0.14425474562228360E-02 -0.72917570294634892E+00
  0.15999999999998793E+01  0.23598645562557213E+00  0.31650117274474331E-01  0.26763657290004644E+00 -0.73567001817605182E+00 -0.17603633692826568E-02 -0.73743038154533447E+00
  0.16499999999998738E+01  0.23875484717575032E+00  0.30908448996033962E-01  0.26966329617178431E+00 -0.74268356816559666E+00 -0.20440647538474844E-02 -0.74472763291944410E+00
  0.16999999999998683E+01  0.24118619306145533E+00  0.30259694063507026E-01  0.27144588712496237E+00 -0.74861506681667156E+00 -0.22901762345787233E-02 -0.75090524305125028E+00
  0.17499999999998628E+01  0.24326303279706793E+00  0.29715077972525893E-01  0.27297811076959383E+00 -0.75338817013146353E+00 -0.24964247771717988E-02 -0.75588459490863535E+00
  0.17999999999998573E+01  0.24498705190615802E+00  0.29287504151576396E-01  0.27427455605773443E+00 -0.75696975293314073E+00 -0.26612168992750573E-02 -0.75963096983241574E+00
  0.18499999999998518E+01  0.24635675067795340E+00  0.28989997006660020E-01  0.27534674768461342E+00 -0.75931230482084200E+00 -0.27826797617684527E-02 -0.76209498458261049E+00
  0.18999999999998463E+01  0.24735363347596656E+00  0.28835116373265690E-01  0.27618874984923225E+00 -0.76032003497985978E+00 -0.28579287819135834E-02 -0.76317796376177338E+00
  0.19499999999998407E+01  0.24794403366835963E+00  0.28835400773287327E-01  0.27677943444164693E+00 -0.75985570615433873E+00 -0.28830083609022675E-02 -0.76273871451524100E+00
  0.19999999999998352E+01  0.24808855012941461E+00  0.29003916861971599E-01  0.27709246699138623E+00 -0.75776636048304580E+00 -0.28532759661589304E-02 -0.76061963644920472E+00
  0.20499999999998519E+01  0.24774818315309097E+00  0.29354137989765147E-01  0.27710232114285610E+00 -0.75389991271120538E+00 -0.27637230451051922E-02 -0.75666363575631057E+00
  0.20999999999998686E+01  0.24688515622941934E+00  0.29899221479670068E-01  0.27678437770908942E+00 -0.74810833412287681E+00 -0.26090751735958276E-02 -0.75071740929647268E+00
  0.21499999999998853E+01  0.24546370897070363E+00  0.30651181339245246E-01  0.27611489030994890E+00 -0.74025155110864782E+00 -0.23839158337033289E-02 -0.74263546694235116E+00
  0.21999999999999020E+01  0.24345492596229715E+00  0.31620184239837035E-01  0.27507511020213415E+00 -0.73021221350155907E+00 -0.20830702561793922E-02 -0.73229528375773845E+00
  0.22499999999999187E+01  0.24084471915223962E+00  0.32813812533443572E-01  0.27365853168568322E+00 -0.71791853599994671E+00 -0.17022339668886599E-02 -0.71962076996683533E+00
  0.22999999999999354E+01  0.23764135315265458E+00  0.34236075564264279E-01  0.27187742871691889E+00 -0.70336601094022977E+00 -0.12386645917558670E-02 -0.70460467553198569E+00
  0.23499999999999521E+01  0.23387921723247260E+00  0.35886156020201884E-01  0.26976537325267447E+00 -0.68663019824465632E+00 -0.69174831775893533E-03 -0.68732194656241530E+00
  0.23999999999999688E+01  0.22961748443648922E+00  0.37757138362652723E-01  0.26737462279914193E+00 -0.66786745268142345E+00 -0.63326100069802105E-04 -0.66793077878149321E+00
  0.24499999999999855E+01  0.22493472585352112E+00  0.39835107383542512E-01  0.26476983323706360E+00 -0.64730556141862350E+00  0.64224151324571849E-03 -0.64666331990537773E+00
  0.25000000000000022E+01  0.21992254980167827E+00  0.42098920378356192E-01  0.26202147018003447E+00 -0.62523060378804673E+00  0.14181912737713793E-02 -0.62381241251427533E+00
  0.25500000000000189E+01  0.21468137263372689E+00  0.44520686392215146E-01  0.25920205902594201E+00 -0.60197693947395248E+00  0.22555284044552047E-02 -0.59972141106949728E+00
  0.26000000000000356E+01  0.20931873184178260E+00  0.47066768542848671E-01  0.25638550038463126E+00 -0.57792165332736656E+00  0.31432273900870917E-02 -0.57477842593727946E+00
  0.26500000000000523E+01  0.20394694551941847E+00  0.49699217443423087E-01  0.25364616296284154E+00 -0.55347622043098632E+00  0.40686677442930445E-02 -0.54940755268669328E+00
  0.27000000000000690E+01  0.19867556292196983E+00  0.52377872222189779E-01  0.25105343514415962E+00 -0.52906402663670860E+00  0.50186617554128501E-02 -0.52404536488129572E+00
  0.27500000000000857E+01  0.19359679167353375E+00  0.55063428890224961E-01  0.24866022056375869E+00 -0.50507840186301545E+00  0.59812390218124643E-02 -0.49909716284120298E+00
  0.28000000000001024E+01  0.18876759238014826E+00  0.57721115958339210E-01  0.24648870833848746E+00 -0.48182975957414587E+00  0.69477552373779982E-02 -0.47488200433676786E+00
  0.28500000000001191E+01  0.18419666384562486E+00  0.60323535664739712E-01  0.24452019951036458E+00 -0.45950278690164942E+00  0.79142298998563683E-02 -0.45158855700179307E+00
  0.29000000000001358E+01  0.17984474870304448E+00  0.62850775113820173E-01  0.24269552381686466E+00 -0.43814618165394353E+00  0.88806848441430938E-02 -0.42926549680980042E+00
  0.29500000000001525E+01  0.17564154174757973E+00  0.65286894513793811E-01  0.24092843626137356E+00 -0.41770516525073126E+00  0.98480337880309105E-02 -0.40785713146270036E+00
  0.30000000000001692E+01  0.17151444104582769E+00  0.67614264090592499E-01  0.23912870513642021E+00 -0.39808722906378902E+00  0.10813559933383746E-01 -0.38727366913040528E+00
  0.30500000000001859E+01  0.16741858134715384E+00  0.69809636333423061E-01  0.23722821768057689E+00 -0.37923680040968882E+00  0.11767364726041816E-01 -0.36746943568364698E+00
  0.31000000000002026E+01  0.16335668518635335E+00  0.71845598221632848E-01  0.23520228340798621E+00 -0.36119007389003721E+00  0.12692114197549779E-01 -0.34849795969248742E+00
  0.31500000000002193E+01  0.15937819007627549E+00  0.73696613293939589E-01  0.23307480337021508E+00 -0.34408018149189146E+00  0.13566486794114201E-01 -0.33051369469777725E+00
  0.32000000000002360E+01  0.15554902574683563E+00  0.75343870944512420E-01  0.23089289669134805E+00 -0.32806700138418654E+00  0.14370479877010881E-01 -0.31369652150717564E+00
  0.32500000000002527E+01  0.15189720788358629E+00  0.76774246006409447E-01  0.22867145388999574E+00 -0.31320371960481780E+00  0.15090152667317920E-01 -0.29811356693749985E+00
  0.33000000000002694E+01  0.14837151573415028E+00  0.77976376023622743E-01  0.22634789175777303E+00 -0.29933597832279574E+00  0.15720081998603763E-01 -0.28361589632419199E+00
  0.33500000000002861E+01  0.14486110029368324E+00  0.78940976328965309E-01  0.22380207662264856E+00 -0.28615565466096626E+00  0.16262431924888857E-01 -0.26989322273607741E+00
  0.34000000000003028E+01  0.14126474023263286E+00  0.79665500663331362E-01  0.22093024089596422E+00 -0.27337931611575061E+00  0.16723367963710295E-01 -0.25665594815204029E+00
  0.34500000000003195E+01  0.13754061709493853E+00  0.80156719649613475E-01  0.21769733674455199E+00 -0.26087462294856467E+00  0.17110141830558912E-01 -0.24376448111800575E+00
  0.35000000000003362E+01  0.13371018621391967E+00  0.80430212258258124E-01  0.21414039847217781E+00 -0.24866896332439781E+00  0.17430602743357813E-01 -0.23123836058104000E+00
  0.35500000000003529E+01  0.12985085134540408E+00  0.80509380871904943E-01  0.21036023221730904E+00 -0.23693186688271625E+00  0.17692254729144683E-01 -0.21923961215357157E+00
  0.36000000000003696E+01  0.12608545652530712E+00  0.80420278098043960E-01  0.20650573462335109E+00 -0.22595364932775658E+00  0.17898760676516877E-01 -0.20805488865123969E+00
  0.36500000000003863E+01  0.12254875648440518E+00  0.80180589810952593E-01  0.20272934629535777E+00 -0.21606658589478919E+00  0.18047040723391607E-01 -0.19801954517139758E+00
  0.37000000000004030E+01  0.11934656453636373E+00  0.79791604819396331E-01  0.19913816935576006E+00 -0.20754213013296069E+00  0.18128433440855268E-01 -0.18941369669210542E+00
  0.37500000000004197E+01  0.11654104023299047E+00  0.79240519246515206E-01  0.19578155947950568E+00 -0.20054787127966889E+00  0.18132838191708554E-01 -0.18241503308796034E+00
  0.38000000000004364E+01  0.11416419855903470E+00  0.78510289036677422E-01  0.19267448759571212E+00 -0.19517346512979714E+00  0.18052755563455876E-01 -0.17712070956634127E+00
  0.38500000000004531E+01  0.11223248412109071E+00  0.77590172214865333E-01  0.18982265633595605E+00 -0.19146029837727571E+00  0.17885962601094589E-01 -0.17357433577618112E+00
  0.39000000000004698E+01  0.11074949732293296E+00  0.76482302252851408E-01  0.18723179957578437E+00 -0.18940512773844284E+00  0.17636591151963914E-01 -0.17176853658647892E+00
  0.39500000000004865E+01  0.10970948409701721E+00  0.75202491176828451E-01  0.18491197527384567E+00 -0.18897170068942651E+00  0.17314128294768388E-01 -0.17165757239465812E+00
  0.40000000000005027E+01  0.10910587781711341E+00  0.73775737297410104E-01  0.18288161511452350E+00 -0.19011914482439990E+00  0.16930805969923877E-01 -0.17318833885447601E+00
  0.40500000000004750E+01  0.10893627211339754E+00  0.72229261084998622E-01  0.18116553319839618E+00 -0.19281972359797886E+00  0.16498871792010521E-01 -0.17632085180596835E+00
  0.41000000000004473E+01  0.10920363800089822E+00  0.70586907379462008E-01  0.17979054538036021E+00 -0.19706168297444962E+00  0.16028723741893108E-01 -0.18103295923255652E+00
  0.41500000000004196E+01  0.10992185840444693E+00  0.68867403746477665E-01  0.17878926215092461E+00 -0.20285920666008350E+00  0.15527887836188952E-01 -0.18733131882389456E+00
  0.42000000000003919E+01  0.11112341699361748E+00  0.67086167415512335E-01  0.17820958440912982E+00 -0.21026787621739543E+00  0.15000748381054262E-01 -0.19526712783634118E+00
  0.42500000000003642E+01  0.11285361951918453E+00  0.65258056827333877E-01  0.17811167634651842E+00 -0.21936798102668684E+00  0.14449292757990218E-01 -0.20491868826869661E+00
  0.43000000000003364E+01  0.11514560805729512E+00  0.63398909164721504E-01  0.17854451722201664E+00 -0.23020045967169939E+00  0.13874769538750848E-01 -0.21632569013294853E+00
  0.43500000000003087E+01  0.11799272050191881E+00  0.61525984752386187E-01  0.17951870525430499E+00 -0.24269600221194637E+00  0.13279524610100244E-01 -0.22941647760184614E+00
  0.44000000000002810E+01  0.12133839721365461E+00  0.59658355070127379E-01  0.18099675228378198E+00 -0.25664837919521560E+00  0.12668191782195365E-01 -0.24398018741302024E+00
  0.44500000000002533E+01  0.12508581835964513E+00  0.57817552499296904E-01  0.18290337085894204E+00 -0.27173792687666970E+00  0.12047911070520403E-01 -0.25969001580614931E+00
  0.45000000000002256E+01  0.12911198341861929E+00  0.56028090110980699E-01  0.18514007352959999E+00 -0.28756626043397093E+00  0.11427890050807963E-01 -0.27613837038316297E+00
  0.45500000000001979E+01  0.13327243346729062E+00  0.54317291903724869E-01  0.18758972537101548E+00 -0.30366752550077530E+00  0.10818867874334687E-01 -0.29284865762644063E+00
  0.46000000000001702E+01  0.13739896593659892E+00  0.52714303750723071E-01  0.19011326968732201E+00 -0.31950344921070761E+00  0.10232774272367400E-01 -0.30927067493834021E+00
  0.46500000000001425E+01  0.14130437521739975E+00  0.51248790445263259E-01  0.19255316566266301E+00 -0.33447869873899971E+00  0.96823730026452132E-02 -0.32479632573635447E+00
  0.47000000000001148E+01  0.14480286852635949E+00  0.49949863509159240E-01  0.19475273203551874E+00 -0.34799777325933118E+00  0.91804584320695423E-02 -0.33881731482726163E+00
  0.47500000000000870E+01  0.14773862180490760E+00  0.48845282707096767E-01  0.19658390451200436E+00 -0.35954256790423311E+00  0.87386273908914083E-02 -0.35080394051334168E+00
  0.48000000000000593E+01  0.15000662592662295E+00  0.47960651585114124E-01  0.19796727751173707E+00 -0.36872948401976974E+00  0.83662840833839680E-02 -0.36036319993638577E+00
  0.48500000000000316E+01  0.15155666036303325E+00  0.47318384655653023E-01  0.19887504501868628E+00 -0.37532350867574055E+00  0.80704430523157508E-02 -0.36725306562342480E+00
  0.49000000000000039E+01  0.15238238763913595E+00  0.46936264802582596E-01  0.19931865244171854E+00 -0.37921521523019552E+00  0.78561475465927511E-02 -0.37135906768360277E+00
  0.49499999999999762E+01  0.15250442318860180E+00  0.46825501422139849E-01  0.19932992461074164E+00 -0.38038304831740621E+00  0.77268757578891128E-02 -0.37265617255951711E+00
  0.49999999999999485E+01  0.15195754028570793E+00  0.46988588612214992E-01  0.19894612889792293E+00 -0.37886620170055374E+00  0.76844791190780462E-02 -0.37118172258147569E+00
  0.50499999999999208E+01  0.15078725227051432E+00  0.47417587845500167E-01  0.19820484011601447E+00 -0.37476118090633354E+00  0.77286675055059633E-02 -0.36703251340082760E+00
  0.50999999999998931E+01  0.14905300443526159E+00  0.48093541479784632E-01  0.19714654591504621E+00 -0.36823428653419921E+00  0.78564507756272994E-02 -0.36037783575857191E+00
  0.51499999999998654E+01  0.14683346641798428E+00  0.48987550029156536E-01  0.19582101644714081E+00 -0.35953861254903952E+00  0.80619158482671399E-02 -0.35147669670077236E+00
  0.51999999999998376E+01  0.14423536708031831E+00  0.50063553925317562E-01  0.19429892100563587E+00 -0.34903968413860381E+00  0.83364038647397928E-02 -0.34070328027386404E+00
  0.52499999999998099E+01  0.14140197702081317E+00  0.51282252200592987E-01  0.19268422922140616E+00 -0.33723624892676057E+00  0.86690537101664182E-02 -0.32856719521659417E+00
  0.52999999999997822E+01  0.13850357167915425E+00  0.52604848164845869E-01  0.19110841984400012E+00 -0.32472881908203965E+00  0.90478851278248985E-02 -0.31568093395421476E+00
  0.53499999999997545E+01  0.13570701220427783E+00  0.53995179279256372E-01  0.18970219148353420E+00 -0.31213185953906220E+00  0.94612326876382588E-02 -0.30267062685142393E+00
  0.53999999999997268E+01  0.13314738775572729E+00  0.55420001363688118E-01  0.18856738911941540E+00 -0.29999100821927654E+00  0.98986545293480895E-02 -0.29009235368992847E+00
  0.54499999999996991E+01  0.13090855015627642E+00  0.56848065633208059E-01  0.18775661578948449E+00 -0.28872216159710218E+00  0.10351372019138079E-01 -0.27837078957796407E+00
  0.54999999999996714E+01  0.12900789014242792E+00  0.58249164600735988E-01  0.18725705474316390E+00 -0.27855955842108754E+00  0.10812650177110977E-01 -0.26774690824397657E+00
  0.55499999999996437E+01  0.12740891835239351E+00  0.59594569243977644E-01  0.18700348759637114E+00 -0.26957480120384331E+00  0.11276829887581663E-01 -0.25829797131626164E+00
  0.55999999999996160E+01  0.12605932969872499E+00  0.60858127514227804E-01  0.18691745721295280E+00 -0.26176242601574623E+00  0.11737216839965127E-01 -0.25002520917578108E+00
  0.56499999999995882E+01  0.12492095146410526E+00  0.62016674708494299E-01  0.18693762617259957E+00 -0.25510950430967821E+00  0.12184241583608254E-01 -0.24292526272606996E+00
  0.56999999999995605E+01  0.12399043744894692E+00  0.63049143489821879E-01  0.18703958093876880E+00 -0.24964756741007380E+00  0.12603902016474012E-01 -0.23704366539359978E+00
  0.57499999999995328E+01  0.12326881167090094E+00  0.63935122793163685E-01  0.18720393446406464E+00 -0.24538271988193355E+00  0.12981618071460517E-01 -0.23240110181047305E+00
  0.57999999999995051E+01  0.12274042290143507E+00  0.64657640489275581E-01  0.18739806339071063E+00 -0.24225990879584966E+00  0.13307129844400162E-01 -0.22895277895144950E+00
  0.58499999999994774E+01  0.12239478435087746E+00  0.65206701541008730E-01  0.18760148589188619E+00 -0.24023003413785127E+00  0.13575444610383739E-01 -0.22665458952746753E+00
  0.58999999999994497E+01  0.12222261843197249E+00  0.65578700786835684E-01  0.18780131921880816E+00 -0.23924330625455417E+00  0.13786252259726271E-01 -0.22545705399482791E+00
  0.59499999999994220E+01  0.12222754890816434E+00  0.65774258461503407E-01  0.18800180736966776E+00 -0.23928611753352041E+00  0.13938724197786245E-01 -0.22534739333573417E+00
  0.59999999999993943E+01  0.12243887471795539E+00  0.65793601803248683E-01  0.18823247652120406E+00 -0.24041883876313530E+00  0.14026724406005268E-01 -0.22639211435713003E+00
  0.60499999999993666E+01  0.12287713068028722E+00  0.65632955401697723E-01  0.18851008608198494E+00 -0.24268667012075182E+00  0.14041985828201235E-01 -0.22864468429255058E+00
  0.60999999999993388E+01  0.12352651056273788E+00  0.65287064931861691E-01  0.18881357549459957E+00 -0.24603959784237125E+00  0.13980935672635347E-01 -0.23205866216973592E+00
  0.61499999999993111E+01  0.12435275539696432E+00  0.64756177156521932E-01  0.18910893255348626E+00 -0.25036785832279579E+00  0.13848193181029599E-01 -0.23651966514176620E+00
  0.61999999999992834E+01  0.12538187894888833E+00  0.64052915836967275E-01  0.18943479478585562E+00 -0.25570136164187784E+00  0.13651716505769192E-01 -0.24204964513610866E+00
  0.62499999999992557E+01  0.12671686493226814E+00  0.63200140873723346E-01  0.18991700580599147E+00 -0.26225571763759259E+00  0.13397870289154602E-01 -0.24885784734843799E+00
  0.62999999999992280E+01  0.12840949675715041E+00  0.62221522580707976E-01  0.19063101933785839E+00 -0.27011439740112547E+00  0.13095119613920058E-01 -0.25701927778720540E+00
  0.63499999999992003E+01  0.13036597701453229E+00  0.61138407197379056E-01  0.19150438421191135E+00 -0.27899494388049723E+00  0.12756737430754259E-01 -0.26623820644974294E+00
  0.63999999999991726E+01  0.13244886085229757E+00  0.59975166309045778E-01  0.19242402716134335E+00 -0.28850123674805855E+00  0.12393909124217960E-01 -0.27610732762384060E+00
  0.64499999999991449E+01  0.13462006874545773E+00  0.58761122456412851E-01  0.19338119120187058E+00 -0.29847352023501167E+00  0.12010595422970848E-01 -0.28646292481204083E+00
  0.64999999999991172E+01  0.13693608543701533E+00  0.57525092101109225E-01  0.19446117753812456E+00 -0.30897414983387356E+00  0.11607544131265458E-01 -0.29736660570260809E+00
  0.65499999999990894E+01  0.13946123047828027E+00  0.56290998577411142E-01  0.19575222905569140E+00 -0.32007418267531945E+00  0.11186802062691766E-01 -0.30888738061262766E+00
  0.65999999999990617E+01  0.14220455082472555E+00  0.55079663676253554E-01  0.19728421450097910E+00 -0.33169609921192650E+00  0.10753348154415100E-01 -0.32094275105751141E+00
  0.66499999999990340E+01  0.14509145181454502E+00  0.53913828287411245E-01  0.19900528010195628E+00 -0.34354302405626169E+00  0.10316223956961749E-01 -0.33322680009929995E+00
  0.66999999999990063E+01  0.14797145284949287E+00  0.52821154508610392E-01  0.20079260735810325E+00 -0.35511967794963656E+00  0.98883810964024207E-02 -0.34523129685323412E+00
  0.67499999999989786E+01  0.15066310284325435E+00  0.51833439879018749E-01  0.20249654272227310E+00 -0.36584321506668571E+00  0.94845086036248593E-02 -0.35635870646306084E+00
  0.67999999999989509E+01  0.15300944516604623E+00  0.50983488537811365E-01  0.20399293370385760E+00 -0.37518748260946849E+00  0.91177552956928590E-02 -0.36606972731377563E+00
  0.68499999999989232E+01  0.15488785186019952E+00  0.50300675999981552E-01  0.20518852786018107E+00 -0.38272244182354825E+00  0.87987259282895844E-02 -0.37392371589525869E+00
  0.68999999999988955E+01  0.15617836698210033E+00  0.49807542524792643E-01  0.20598590950689297E+00 -0.38804660069761132E+00  0.85373132014772962E-02 -0.37950928749613405E+00
  0.69499999999988678E+01  0.15675746175728333E+00  0.49519172060519409E-01  0.20627663381780276E+00 -0.39077675262493333E+00  0.83434301153813596E-02 -0.38243332250955198E+00
  0.69999999999988400E+01  0.15653275664880842E+00  0.49443680276374198E-01  0.20597643692518261E+00 -0.39063503967368707E+00  0.82254305361712382E-02 -0.38240960913751582E+00
  0.70499999999988123E+01  0.15549097412743135E+00  0.49581987898584541E-01  0.20507296202601588E+00 -0.38756015034838526E+00  0.81877808138987439E-02 -0.37937236953448650E+00
  0.70999999999987846E+01  0.15372493733001072E+00  0.49926640900983969E-01  0.20365157823099470E+00 -0.38177220864386197E+00  0.82294360043435131E-02 -0.37354277263951846E+00
  0.71499999999987569E+01  0.15141328851419297E+00  0.50460989060459094E-01  0.20187427757465207E+00 -0.37373855752755392E+00  0.83440371985543799E-02 -0.36539452032899955E+00
  0.71999999999987292E+01  0.14876920948560662E+00  0.51160255376590934E-01  0.19992946486219756E+00 -0.36406788404874285E+00  0.85217089701043643E-02 -0.35554617507863850E+00
  0.72499999999987015E+01  0.14599585974895576E+00  0.51994337914262813E-01  0.19799019766321857E+00 -0.35340568334331279E+00  0.87511239212723566E-02 -0.34465455942204043E+00
  0.72999999999986738E+01  0.14326314513040345E+00  0.52930754821438095E-01  0.19619389995184155E+00 -0.34235965223618431E+00  0.90209286489442691E-02 -0.33333872358724004E+00
  0.73499999999986461E+01  0.14069876564431880E+00  0.53936618077290173E-01  0.19463538372160896E+00 -0.33145126722408602E+00  0.93205518656263725E-02 -0.32213071535845966E+00
  0.73999999999986183E+01  0.13838710056045811E+00  0.54979563477933882E-01  0.19336666403839198E+00 -0.32109166763888741E+00  0.96405983607396849E-02 -0.31145106927814775E+00
  0.74499999999985906E+01  0.13637234959646510E+00  0.56028044878976911E-01  0.19240039447544202E+00 -0.31157080142226717E+00  0.99727629212593913E-02 -0.30159803850100780E+00
  0.74999999999985629E+01  0.13465527801113861E+00  0.57051296561809066E-01  0.19170657457294768E+00 -0.30303418107265023E+00  0.10309672094152983E-01 -0.29272450897849722E+00
  0.75499999999985352E+01  0.13318446956445226E+00  0.58019505375004457E-01  0.19120397493945673E+00 -0.29545983252552904E+00  0.10645263876819766E-01 -0.28481456864870930E+00
  0.75999999999985075E+01  0.13187506543579258E+00  0.58905524233505716E-01  0.19078058966929828E+00 -0.28871424597352696E+00  0.10974492320338963E-01 -0.27773975365318798E+00
  0.76499999999984798E+01  0.13066669495776634E+00  0.59687754895817798E-01  0.19035444985358413E+00 -0.28270557711579458E+00  0.11290999489933168E-01 -0.27141457762586141E+00
  0.76999999999984521E+01  0.12956892507626885E+00  0.60351598501583899E-01  0.18992052357785275E+00 -0.27750135211035326E+00  0.11585306150112768E-01 -0.26591604596024049E+00
  0.77499999999984244E+01  0.12865701860672465E+00  0.60888458151737095E-01  0.18954547675846176E+00 -0.27331682257438616E+00  0.11846240349491893E-01 -0.26147058222489428E+00
  0.77999999999983967E+01  0.12800658977596352E+00  0.61293453580981164E-01  0.18930004335694467E+00 -0.27035059444530896E+00  0.12066361295974604E-01 -0.25828423314933435E+00
  0.78499999999983689E+01  0.12766736733958192E+00  0.61564964250672809E-01  0.18923233159025474E+00 -0.26872866630834713E+00  0.12242405959617040E-01 -0.25648626034873007E+00
  0.78999999999983412E+01  0.12768869272432082E+00  0.61702818227456893E-01  0.18939151095177770E+00 -0.26857520394001738E+00  0.12369867892632112E-01 -0.25620533604738527E+00
  0.79499999999983135E+01  0.12810872131733450E+00  0.61704048237591701E-01  0.18981276955492621E+00 -0.26998113523089029E+00  0.12440458506398511E-01 -0.25754067672449177E+00
  0.79999999999982858E+01  0.12891600637051595E+00  0.61561209114400536E-01  0.19047721548491647E+00 -0.27290186935194749E+00  0.12445386885182711E-01 -0.26045648246676478E+00
  0.80499999999983469E+01  0.13003554065695269E+00  0.61266081379720984E-01  0.19130162203667367E+00 -0.27711909450610434E+00  0.12381783885978832E-01 -0.26473731062012551E+00
  0.80999999999984080E+01  0.13135448049186585E+00  0.60816730380106626E-01  0.19217121087197248E+00 -0.28230560274289057E+00  0.12256095956329364E-01 -0.27004950678656120E+00
  0.81499999999984691E+01  0.13277715056407924E+00  0.60222430681670241E-01  0.19299958124574948E+00 -0.28816568735653320E+00  0.12080557874375389E-01 -0.27608512948215780E+00
  0.81999999999985302E+01  0.13427615178782620E+00  0.59502604560036365E-01  0.19377875634786257E+00 -0.29456764991951667E+00  0.11866720103792305E-01 -0.28270092981572437E+00
  0.82499999999985913E+01  0.13589148768022907E+00  0.58681768094570493E-01  0.19457325577479956E+00 -0.30155098417731629E+00  0.11622470647513145E-01 -0.28992851352980314E+00
  0.82999999999986525E+01  0.13765036368320271E+00  0.57784307934668953E-01  0.19543467161787167E+00 -0.30913400313131129E+00  0.11354197057141536E-01 -0.29777980607416976E+00
  0.83499999999987136E+01  0.13950302931926895E+00  0.56833184939816213E-01  0.19633621425908515E+00 -0.31715308683322313E+00  0.11068366943751165E-01 -0.30608471988947195E+00
  0.83999999999987747E+01  0.14138151878842070E+00  0.55852634272108362E-01  0.19723415306052905E+00 -0.32539950837906584E+00  0.10769018555805874E-01 -0.31463048982325997E+00
  0.84499999999988358E+01  0.14327196373694198E+00  0.54868189513989196E-01  0.19814015325093118E+00 -0.33378469968193653E+00  0.10457785834984225E-01 -0.32332691384695228E+00
  0.84999999999988969E+01  0.14519629803755862E+00  0.53903854906469942E-01  0.19910015294402855E+00 -0.34228716203122306E+00  0.10137637788883203E-01 -0.33214952424233984E+00
  0.85499999999989580E+01  0.14717100977155914E+00  0.52981956248711874E-01  0.20015296602027102E+00 -0.35085196267887003E+00  0.98139144743620843E-02 -0.34103804820450795E+00
  0.85999999999990191E+01  0.14917734625451184E+00  0.52124824907717908E-01  0.20130217116222976E+00 -0.35931974038869113E+00  0.94939139695794320E-02 -0.34982582641911170E+00
  0.86499999999990802E+01  0.15113739545411478E+00  0.51355865709390373E-01  0.20249326116350516E+00 -0.36737134428933876E+00  0.91874488282509201E-02 -0.35818389546108786E+00
  0.86999999999991413E+01  0.15291995733553113E+00  0.50699684926059224E-01  0.20361964226159035E+00 -0.37455138918464487E+00  0.89062707433249563E-02 -0.36564511844131992E+00
  0.87499999999992024E+01  0.15437312194942646E+00  0.50180614160800330E-01  0.20455373611022679E+00 -0.38035642676826037E+00  0.86622149206266354E-02 -0.37169421184763374E+00
  0.87999999999992635E+01  0.15535558901104413E+00  0.49819878352721100E-01  0.20517546736376524E+00 -0.38431882153765423E+00  0.84657851990821813E-02 -0.37585303633857203E+00
  0.88499999999993246E+01  0.15574882290493541E+00  0.49632927506049723E-01  0.20538175041098514E+00 -0.38605026026697759E+00  0.83259420647339190E-02 -0.37772431820224367E+00
  0.88999999999993857E+01  0.15545930422947310E+00  0.49628208476446861E-01  0.20508751270591996E+00 -0.38526190563124557E+00  0.82502095700459459E-02 -0.37701169606119961E+00
  0.89499999999994468E+01  0.15443113822650903E+00  0.49807186555271894E-01  0.20423832478178092E+00 -0.38179913329079623E+00  0.82440325441761886E-02 -0.37355510074662002E+00
  0.89999999999995079E+01  0.15267495340260806E+00  0.50164772159887433E-01  0.20283972556249549E+00 -0.37570670825406116E+00  0.83093861637209034E-02 -0.36739732209034026E+00
  0.90499999999995691E+01  0.15029828670505135E+00  0.50689738289099638E-01  0.20098802499415100E+00 -0.36729674617930985E+00  0.84434088171394424E-02 -0.35885333736217040E+00
  0.90999999999996302E+01  0.14749867729992175E+00  0.51364990053171376E-01  0.19886366735309313E+00 -0.35713354429584121E+00  0.86384560788043338E-02 -0.34849508821703690E+00
  0.91499999999996913E+01  0.14451244100839716E+00  0.52168191834055584E-01  0.19668063284245274E+00 -0.34591557209930873E+00  0.88839111784016801E-02 -0.33703166092090703E+00
  0.91999999999997524E+01  0.14156074870502056E+00  0.53073183300262110E-01  0.19463393200528267E+00 -0.33434193571758763E+00  0.91682281781888617E-02 -0.32517370753939878E+00
  0.92499999999998135E+01  0.13881687064218923E+00  0.54051479670916544E-01  0.19286835031310579E+00 -0.32301733754690704E+00  0.94802063744465689E-02 -0.31353713117246046E+00
  0.92999999999998746E+01  0.13639077514171183E+00  0.55073060933214978E-01  0.19146383607492681E+00 -0.31239513748376008E+00  0.98097542969604688E-02 -0.30258538318679962E+00
  0.93499999999999357E+01  0.13432748395402944E+00  0.56106907583676632E-01  0.19043439153770608E+00 -0.30275886938138696E+00  0.10148216912564501E-01 -0.29261065246882245E+00
  0.93999999999999968E+01  0.13261491393927333E+00  0.57122114634207986E-01  0.18973702857348132E+00 -0.29423079483432957E+00  0.10488391307729585E-01 -0.28374240352659996E+00
  0.94500000000000579E+01  0.13118782958106956E+00  0.58089317904997127E-01  0.18927714748606669E+00 -0.28676946275964543E+00  0.10824878349146574E-01 -0.27594458441049885E+00
  0.95000000000001190E+01  0.12993934420397410E+00  0.58982064227571608E-01  0.18892140843154570E+00 -0.28019004836471817E+00  0.11154020722494450E-01 -0.26903602764222373E+00
  0.95500000000001801E+01  0.12876793189267755E+00  0.59778298124925328E-01  0.18854623001760287E+00 -0.27428567139021354E+00  0.11471770762278323E-01 -0.26281390062793519E+00
  0.96000000000002412E+01  0.12763313627907363E+00  0.60461468190418748E-01  0.18809460446949239E+00 -0.26897978054820620E+00  0.11771306008229707E-01 -0.25720847453997647E+00
  0.96500000000003023E+01  0.12657618083089711E+00  0.61020772122092753E-01  0.18759695295298986E+00 -0.26438946219004095E+00  0.12043292890959480E-01 -0.25234616929908149E+00
  0.97000000000003634E+01  0.12567830290042367E+00  0.61450176496243195E-01  0.18712847939666688E+00 -0.26072606433556184E+00  0.12279907198014460E-01 -0.24844615713754736E+00
  0.97500000000004245E+01  0.12501953424487369E+00  0.61747610609697030E-01  0.18676714485457072E+00 -0.25819807246986309E+00  0.12476327809675527E-01 -0.24572174466018756E+00
  0.98000000000004857E+01  0.12468061708821780E+00  0.61913026457190108E-01  0.18659364354540792E+00 -0.25702118310319894E+00  0.12626853317429897E-01 -0.24439432978576903E+00
  0.98500000000005468E+01  0.12473384810760743E+00  0.61944617366008183E-01  0.18667846547361561E+00 -0.25739103579530626E+00  0.12722193369868059E-01 -0.24466884242543818E+00
  0.99000000000006079E+01  0.12520519841791306E+00  0.61836670276610980E-01  0.18704186869452405E+00 -0.25937671575760124E+00  0.12752265679252313E-01 -0.24662445007834893E+00
  0.99500000000006690E+01  0.12605147385248380E+00  0.61581715856094905E-01  0.18763318970857870E+00 -0.26285375871866989E+00  0.12712273443153260E-01 -0.25014148527551661E+00
  0.10000000000000730E+02  0.12717944803770853E+00  0.61176321261363714E-01  0.18835576929907225E+00 -0.26755147905829518E+00  0.12606455410314438E-01 -0.25494502364798077E+00
  0.10050000000000791E+02  0.12849504570783704E+00  0.60626470523546194E-01  0.18912151623138324E+00 -0.27318259976919762E+00  0.12445618748437647E-01 -0.26073698102075998E+00
  0.10100000000000852E+02  0.12994586281042445E+00  0.59947738924583292E-01  0.18989360173500774E+00 -0.27955494513729950E+00  0.12241596502937857E-01 -0.26731334863436162E+00
  0.10150000000000913E+02  0.13153163454918937E+00  0.59161509693264419E-01  0.19069314424245379E+00 -0.28660288985914667E+00  0.12004002506762040E-01 -0.27459888735238464E+00
  0.10200000000000975E+02  0.13327030150521063E+00  0.58290862343739543E-01  0.19156116384895017E+00 -0.29430919367550290E+00  0.11739999999657370E-01 -0.28256919367584554E+00
  0.10250000000001036E+02  0.13513968413053506E+00  0.57357787200460621E-01  0.19249747133099568E+00 -0.30256174738750896E+00  0.11455197701327864E-01 -0.29110654968618110E+00
  0.10300000000001097E+02  0.13708701036356394E+00  0.56383921809743422E-01  0.19347093217330735E+00 -0.31117562739516863E+00  0.11153132188093381E-01 -0.30002249520707525E+00
  0.10350000000001158E+02  0.13909117360463785E+00  0.55391964382527935E-01  0.19448313798716579E+00 -0.32004226592785806E+00  0.10835200344492828E-01 -0.30920706558336525E+00
  0.10400000000001219E+02  0.14116679457591411E+00  0.54404434762823237E-01  0.19557122933873733E+00 -0.32913205294727893E+00  0.10503623157632522E-01 -0.31862842978964639E+00
  0.10450000000001280E+02  0.14332810024279630E+00  0.53443447818509453E-01  0.19677154806130576E+00 -0.33840083011357092E+00  0.10163308850945952E-01 -0.32823752126262495E+00
  0.10500000000001341E+02  0.14556613449468855E+00  0.52532544795248361E-01  0.19809867928993691E+00 -0.34773261883849788E+00  0.98211702693591328E-02 -0.33791144856913874E+00
  0.10550000000001402E+02  0.14782719975394434E+00  0.51697285447770518E-01  0.19952448520171487E+00 -0.35688418710831737E+00  0.94861031701048478E-02 -0.34739808393821253E+00
  0.10600000000001463E+02  0.14999842358279294E+00  0.50964027779890175E-01  0.20096245136268312E+00 -0.36545088050741498E+00  0.91693837153433311E-02 -0.35628149679207166E+00
  0.10650000000001524E+02  0.15192452454789182E+00  0.50358194315896145E-01  0.20228271886378796E+00 -0.37291706574370970E+00  0.88835588133553724E-02 -0.36403350693035430E+00
  0.10700000000001586E+02  0.15344539953329409E+00  0.49902390208008504E-01  0.20334778974130258E+00 -0.37875871201715572E+00  0.86405600659116184E-02 -0.37011815195124409E+00
  0.10750000000001647E+02  0.15442343915642823E+00  0.49614326970653697E-01  0.20403776612708191E+00 -0.38252158068478309E+00  0.84506408277343625E-02 -0.37407093985704876E+00
  0.10800000000001708E+02  0.15475000650343468E+00  0.49505166073321935E-01  0.20425517257675663E+00 -0.38385301535165317E+00  0.83222838673433150E-02 -0.37553073148430988E+00
  0.10850000000001769E+02  0.15434940418640639E+00  0.49578983053550477E-01  0.20392838723995688E+00 -0.38252516638949791E+00  0.82619837390754958E-02 -0.37426318265042241E+00
  0.10900000000001830E+02  0.15319685872073363E+00  0.49833097539097551E-01  0.20302995625983117E+00 -0.37847995625076170E+00  0.82733416114775526E-02 -0.37020661463928417E+00
  0.10950000000001891E+02  0.15135160955617585E+00  0.50258648912612315E-01  0.20161025846878816E+00 -0.37190153470752280E+00  0.83556361412766532E-02 -0.36354589856624614E+00
  0.11000000000001952E+02  0.14897411156502949E+00  0.50840895947419563E-01  0.19981500751244904E+00 -0.36325226874666239E+00  0.85030186474128536E-02 -0.35474925009924951E+00
  0.11050000000002013E+02  0.14629061996260392E+00  0.51559394836548464E-01  0.19785001479915237E+00 -0.35319071442753691E+00  0.87056721383613617E-02 -0.34448504228917554E+00
  0.11100000000002074E+02  0.14353146640223591E+00  0.52388993626780629E-01  0.19592046002901653E+00 -0.34242512900908201E+00  0.89520874265193555E-02 -0.33347304158256263E+00
  0.11150000000002136E+02  0.14088752091558648E+00  0.53301548360458563E-01  0.19418906927604504E+00 -0.33159713180617467E+00  0.92307740433783571E-02 -0.32236635776279632E+00
  0.11200000000002197E+02  0.13848975295673366E+00  0.54267276642416235E-01  0.19275702959914989E+00 -0.32121239369314947E+00  0.95312092468098179E-02 -0.31168118444633963E+00
  0.11250000000002258E+02  0.13640505412431383E+00  0.55255474045203271E-01  0.19166052816951712E+00 -0.31161329665778659E+00  0.98442914587444658E-02 -0.30176900519904210E+00
  0.11300000000002319E+02  0.13464471182189564E+00  0.56235502575003413E-01  0.19088021439689906E+00 -0.30298831143246246E+00  0.10162306588575178E-01 -0.29282600484388727E+00
  0.11350000000002380E+02  0.13316628832626545E+00  0.57178070007016649E-01  0.19034435833328212E+00 -0.29536664518767947E+00  0.10479303653152860E-01 -0.28488734153452661E+00
  0.11400000000002441E+02  0.13187092505531856E+00  0.58056382945174879E-01  0.18992730800049343E+00 -0.28860159511691030E+00  0.10791876672775353E-01 -0.27780971844413493E+00
  0.11450000000002502E+02  0.13063973930711892E+00  0.58847831658052241E-01  0.18948757096517116E+00 -0.28245875230871975E+00  0.11097767812502067E-01 -0.27136098449621771E+00
  0.11500000000002563E+02  0.12940862631391745E+00  0.59535571037456540E-01  0.18894419735137399E+00 -0.27681082151722497E+00  0.11392035944367652E-01 -0.26541878557285731E+00
  0.11550000000002624E+02  0.12821060936315634E+00  0.60108302656068202E-01  0.18831891201922454E+00 -0.27175446909875245E+00  0.11665642885100932E-01 -0.26008882621365154E+00
  0.11600000000002685E+02  0.12713858208013967E+00  0.60558931038366376E-01  0.18769751311850605E+00 -0.26752634684763799E+00  0.11909463074544296E-01 -0.25561688377309366E+00
  0.11650000000002747E+02  0.12629815291003191E+00  0.60884581327533813E-01  0.18718273423756571E+00 -0.26439581094194314E+00  0.12116952479799742E-01 -0.25227885846214337E+00
  0.11700000000002808E+02  0.12579871318445687E+00  0.61085333554719908E-01  0.18688404673917677E+00 -0.26264870689648184E+00  0.12281270947896911E-01 -0.25036743594858490E+00
  0.11750000000002869E+02  0.12572468063481435E+00  0.61159482142521739E-01  0.18688416277733608E+00 -0.26251099069755501E+00  0.12393311442333195E-01 -0.25011767925522183E+00
  0.11800000000002930E+02  0.12609715837182581E+00  0.61100769456789418E-01  0.18719792782861522E+00 -0.26404345286502828E+00  0.12443455374872174E-01 -0.25159999749015610E+00
  0.11850000000002991E+02  0.12686965287654464E+00  0.60900839489504664E-01  0.18777049236604931E+00 -0.26712116062974928E+00  0.12425789022490068E-01 -0.25469537160725919E+00
  0.11900000000003052E+02  0.12794971040948230E+00  0.60554972928653097E-01  0.18850468333813541E+00 -0.27148400980527343E+00  0.12342381900257644E-01 -0.25914162790501577E+00
  0.11950000000003113E+02  0.12923805375952863E+00  0.60067541055997799E-01  0.18930559481552642E+00 -0.27684039331673044E+00  0.12202469712014444E-01 -0.26463792360471600E+00
  0.12000000000003174E+02  0.13066797074453804E+00  0.59452479441886481E-01  0.19012045018642451E+00 -0.28296968319690169E+00  0.12017318238203730E-01 -0.27095236495869796E+00
  0.12050000000003235E+02  0.13221321370282771E+00  0.58729312763740438E-01  0.19094252646656815E+00 -0.28974264700235952E+00  0.11797175422051798E-01 -0.27794547158030775E+00
  0.12100000000003297E+02  0.13386832155414888E+00  0.57919701843807521E-01  0.19178802339795639E+00 -0.29707868351561428E+00  0.11550819515390512E-01 -0.28552786400022379E+00
  0.12150000000003358E+02  0.13561532820929947E+00  0.57045569656098444E-01  0.19266089786539792E+00 -0.30487002931743129E+00  0.11285194174681240E-01 -0.29358483514275002E+00
  0.12200000000003419E+02  0.13741990144756844E+00  0.56128932372151892E-01  0.19354883381972032E+00 -0.31297248632489955E+00  0.11004393860830682E-01 -0.30196809246406886E+00
  0.12250000000003480E+02  0.13927449641280518E+00  0.55192410311925788E-01  0.19446690672473096E+00 -0.32130768322791980E+00  0.10709276229830403E-01 -0.31059840699808938E+00
  0.12300000000003541E+02  0.14120556369261203E+00  0.54257802102065232E-01  0.19546336579467727E+00 -0.32987547963320496E+00  0.10400405137600564E-01 -0.31947507449560442E+00
  0.12350000000003602E+02  0.14323254232361984E+00  0.53345469573571183E-01  0.19657801189719104E+00 -0.33865057440930796E+00  0.10081189763849856E-01 -0.32856938464545810E+00
  0.12400000000003663E+02  0.14533818952010424E+00  0.52476362477332769E-01  0.19781455199743703E+00 -0.34750687283259424E+00  0.97580768675824114E-02 -0.33774879596501184E+00
  0.12450000000003724E+02  0.14745792129559315E+00  0.51673743885156477E-01  0.19913166518074962E+00 -0.35618730016849837E+00  0.94400521874453518E-02 -0.34674724798105300E+00
  0.12500000000003785E+02  0.14948378039941121E+00  0.50963094506946201E-01  0.20044687490635740E+00 -0.36431224197594875E+00  0.91381378498447824E-02 -0.35517410412610395E+00
  0.12550000000003847E+02  0.15128443245864193E+00  0.50370312642602874E-01  0.20165474510124481E+00 -0.37143434824239946E+00  0.88640257959948527E-02 -0.36257032244640458E+00
  0.12600000000003908E+02  0.15272746276126020E+00  0.49918879119483416E-01  0.20264634188074362E+00 -0.37710285565021545E+00  0.86286583761605376E-02 -0.36847419727405489E+00
  0.12650000000003969E+02  0.15369282603130494E+00  0.49627325156933917E-01  0.20332015118823885E+00 -0.38090819279820676E+00  0.84416475580937345E-02 -0.37246654524011302E+00
  0.12700000000004030E+02  0.15407645599101077E+00  0.49507740634984539E-01  0.20358419662599531E+00 -0.38250376309548489E+00  0.83113628164093959E-02 -0.37419240027907552E+00
  0.12750000000004091E+02  0.15379595214284175E+00  0.49565359886955790E-01  0.20336131202979754E+00 -0.38163281813699879E+00  0.82447636025088610E-02 -0.37338805453448992E+00
  0.12800000000004152E+02  0.15280842895852650E+00  0.49798913781210548E-01  0.20260734273973705E+00 -0.37817813813264889E+00  0.82465238540174995E-02 -0.36993161427863142E+00
  0.12850000000004213E+02  0.15114401319437110E+00  0.50201322115641649E-01  0.20134533531001275E+00 -0.37223825660441739E+00  0.83175111405226453E-02 -0.36392074546389475E+00
  0.12900000000004274E+02  0.14893382974179575E+00  0.50760086908277935E-01  0.19969391665007369E+00 -0.36418880151071698E+00  0.84534619484397944E-02 -0.35573533956227721E+00
  0.12950000000004335E+02  0.14638722252268380E+00  0.51457117168829752E-01  0.19784433969151355E+00 -0.35463123282220932E+00  0.86456043895977181E-02 -0.34598562843261160E+00
  0.13000000000004396E+02  0.14372949326297946E+00  0.52269176646201933E-01  0.19599866990918138E+00 -0.34424754485928621E+00  0.88830200751712895E-02 -0.33536452478411494E+00
  0.13050000000004458E+02  0.14115566184185283E+00  0.53169583935575498E-01  0.19432524577742832E+00 -0.33368042934606734E+00  0.91545220996927367E-02 -0.32452590724637459E+00
  0.13100000000004519E+02  0.13881044796054876E+00  0.54129867767452891E-01  0.19294031572800163E+00 -0.32346557005854004E+00  0.94495025211457535E-02 -0.31401606753739431E+00
  0.13150000000004580E+02  0.13677770157855212E+00  0.55120395147966419E-01  0.19189809672651853E+00 -0.31398718069079451E+00  0.97585295309550700E-02 -0.30422865115983944E+00
  0.13200000000004641E+02  0.13508111987259075E+00  0.56110991261868449E-01  0.19119211113445919E+00 -0.30546694253786805E+00  0.10073616395620915E-01 -0.29539332614224711E+00
  0.13250000000004702E+02  0.13368899325319356E+00  0.57072239735300789E-01  0.19076123298849434E+00 -0.29796572305073227E+00  0.10388476484332826E-01 -0.28757724656639944E+00
  0.13300000000004763E+02  0.13251206538955798E+00  0.57976817136384480E-01  0.19048888252594245E+00 -0.29136808775275758E+00  0.10699237165753807E-01 -0.28066885058700375E+00
  0.13350000000004824E+02  0.13142797388185720E+00  0.58801071832808180E-01  0.19022904571466537E+00 -0.28543892969871471E+00  0.11003682042590560E-01 -0.27443524765612415E+00
  0.13400000000004885E+02  0.13034765129390016E+00  0.59526575457527028E-01  0.18987422675142718E+00 -0.27999497006471813E+00  0.11298004204487212E-01 -0.26869696586023090E+00
  0.13450000000004946E+02  0.12926587565809991E+00  0.60140403513814777E-01  0.18940627917191469E+00 -0.27504185638827838E+00  0.11574894729297961E-01 -0.26346696165898043E+00
  0.13500000000005008E+02  0.12825282302129046E+00  0.60634459725717509E-01  0.18888728274700797E+00 -0.27076333108771045E+00  0.11825638772996087E-01 -0.25893769231471436E+00
  0.13550000000005069E+02  0.12741156134900708E+00  0.61004936354398451E-01  0.18841649770340552E+00 -0.26742398591172828E+00  0.12043034908168529E-01 -0.25538095100355973E+00
  0.13600000000005130E+02  0.12685299928962920E+00  0.61251039648621691E-01  0.18810403893825089E+00 -0.26531307173272489E+00  0.12220312003283114E-01 -0.25309275972944179E+00
  0.13650000000005191E+02  0.12666966576411623E+00  0.61371272706196550E-01  0.18804093847031278E+00 -0.26467806959242501E+00  0.12349010660503970E-01 -0.25232905893192104E+00
  0.13700000000005252E+02  0.12690306915516689E+00  0.61360507139525441E-01  0.18826357629469231E+00 -0.26563569209989624E+00  0.12419456872416506E-01 -0.25321623522747971E+00
  0.13750000000005313E+02  0.12752654498505889E+00  0.61210816171458876E-01  0.18873736115651776E+00 -0.26811814801834233E+00  0.12424465769303108E-01 -0.25569368224903921E+00
  0.13800000000005374E+02  0.12845587012835066E+00  0.60915946006631277E-01  0.18937181613498194E+00 -0.27189327238578459E+00  0.12364055773655500E-01 -0.25952921661212908E+00
  0.13850000000005435E+02  0.12959188545136319E+00  0.60477271137668251E-01  0.19006915658903145E+00 -0.27667522871946498E+00  0.12245752433877573E-01 -0.26442947628558738E+00
  0.13900000000005496E+02  0.13086466112683923E+00  0.59905933495941366E-01  0.19077059462278059E+00 -0.28224000186318399E+00  0.12080140823302584E-01 -0.27015986103988138E+00
  0.13950000000005558E+02  0.13224312473682473E+00  0.59219647429324694E-01  0.19146277216614943E+00 -0.28845023643079665E+00  0.11877460117370996E-01 -0.27657277631342564E+00
  0.14000000000005619E+02  0.13372427759566982E+00  0.58439101851501321E-01  0.19216337944717116E+00 -0.29523393338778364E+00  0.11646514401242473E-01 -0.28358741898654116E+00
  0.14050000000005680E+02  0.13530734273427342E+00  0.57585734905625283E-01  0.19289307763989871E+00 -0.30252779456411338E+00  0.11394004111955082E-01 -0.29113379045215831E+00
  0.14100000000005741E+02  0.13696758668805409E+00  0.56680603365098330E-01  0.19364819005315242E+00 -0.31021323111318461E+00  0.11124233216203511E-01 -0.29908899789698107E+00
  0.14150000000005802E+02  0.13868460135047289E+00  0.55745066411160546E-01  0.19442966776163345E+00 -0.31818313306825030E+00  0.10838751539887963E-01 -0.30734438152836235E+00
  0.14200000000005863E+02  0.14047391271545095E+00  0.54800517081666569E-01  0.19527442979711751E+00 -0.32641495318690533E+00  0.10537979829227868E-01 -0.31587697335767745E+00
  0.14250000000005924E+02  0.14236198467134037E+00  0.53867280861878621E-01  0.19622926553321898E+00 -0.33490559264717273E+00  0.10224327019590990E-01 -0.32468126562758176E+00
  0.14300000000005985E+02  0.14435145794183926E+00  0.52965686799837541E-01  0.19731714474167680E+00 -0.34358291178150435E+00  0.99030916314174801E-02 -0.33367982015008685E+00
  0.14350000000006046E+02  0.14640546471188470E+00  0.52118034532271623E-01  0.19852349924415633E+00 -0.35226358997235019E+00  0.95819254465172986E-02 -0.34268166452583287E+00
  0.14400000000006107E+02  0.14844156913051890E+00  0.51349054269953523E-01  0.19979062340047243E+00 -0.36063524553416870E+00  0.92706073865509962E-02 -0.35136463814761770E+00
  0.14450000000006169E+02  0.15033892407716892E+00  0.50684543262039028E-01  0.20102346733920795E+00 -0.36827785765262983E+00  0.89803997238879236E-02 -0.35929745792874190E+00
  0.14500000000006230E+02  0.15195914855183440E+00  0.50149065970062474E-01  0.20210821452189687E+00 -0.37472436727130592E+00  0.87227359971274263E-02 -0.36600163127417851E+00
  0.14550000000006291E+02  0.15316794158387700E+00  0.49763674299428504E-01  0.20293161588330549E+00 -0.37952351086397312E+00  0.85081729332077902E-02 -0.37101533793076535E+00
  0.14600000000006352E+02  0.15384537652701072E+00  0.49544073543562862E-01  0.20338945007057357E+00 -0.38227595566602096E+00  0.83461195419323245E-02 -0.37392983612408864E+00
  0.14650000000006413E+02  0.15389135474271445E+00  0.49499613419541504E-01  0.20339096816225596E+00 -0.38266239117668932E+00  0.82447108579600022E-02 -0.37441768031872930E+00
  0.14700000000006474E+02  0.15323858180197325E+00  0.49633184032679217E-01  0.20287176583465247E+00 -0.38048543768246335E+00  0.82101510867685114E-02 -0.37227528659569481E+00
  0.14750000000006535E+02  0.15188086902473930E+00  0.49941607496631901E-01  0.20182247652137120E+00 -0.37573597836392431E+00  0.82453651854592046E-02 -0.36749061317846510E+00
  0.14800000000006596E+02  0.14990779855813638E+00  0.50415909000829040E-01  0.20032370755896542E+00 -0.36867055489552253E+00  0.83484069499611992E-02 -0.36032214794556133E+00
  0.14850000000006657E+02  0.14750197869657303E+00  0.51041099900331018E-01  0.19854307859690404E+00 -0.35980610742715380E+00  0.85123273324440741E-02 -0.35129378009470974E+00
  0.14900000000006719E+02  0.14488448569817844E+00  0.51796367584614138E-01  0.19668085328279258E+00 -0.34979412616556976E+00  0.87271837284792451E-02 -0.34106694243709051E+00
  0.14950000000006780E+02  0.14226063926739316E+00  0.52656566120365685E-01  0.19491720538775884E+00 -0.33928705940052023E+00  0.89822042878351105E-02 -0.33030485511268515E+00
  0.15000000000006841E+02  0.13979586553773080E+00  0.53594142369714437E-01  0.19339000790744523E+00 -0.32886483146367107E+00  0.92667525922487236E-02 -0.31959807887142233E+00
  0.15050000000006902E+02  0.13760324944192173E+00  0.54580108279399547E-01  0.19218335772132128E+00 -0.31898565573042098E+00  0.95708825992277032E-02 -0.30941477313119325E+00
  0.15100000000006963E+02  0.13573666457887015E+00  0.55584375135404415E-01  0.19132103971427455E+00 -0.30995422838469155E+00  0.98858613408044846E-02 -0.30006836704388706E+00
  0.15150000000007024E+02  0.13419509379244360E+00  0.56576778700474235E-01  0.19077187249291783E+00 -0.30192136961138771E+00  0.10204365578515208E-01 -0.29171700403287248E+00
  0.15200000000007085E+02  0.13292104842837554E+00  0.57528433059162359E-01  0.19044948148753790E+00 -0.29486879712122044E+00  0.10521078116051241E-01 -0.28434771900516920E+00
  0.15250000000007146E+02  0.13180322669723532E+00  0.58413039898731235E-01  0.19021626659596655E+00 -0.28860707107291977E+00  0.10833120416252531E-01 -0.27777395065666727E+00
  0.15300000000007207E+02  0.13072665460060665E+00  0.59208671061111301E-01  0.18993532566171795E+00 -0.28290212172178292E+00  0.11137818129627452E-01 -0.27176430359215548E+00
  0.15350000000007268E+02  0.12963836881752697E+00  0.59898948188531427E-01  0.18953731700605839E+00 -0.27764962621219208E+00  0.11429798077866640E-01 -0.26621982813432543E+00
  0.15400000000007330E+02  0.12857537026742394E+00  0.60473294220568602E-01  0.18904866448799254E+00 -0.27295769678557485E+00  0.11700596636237501E-01 -0.26125710014933734E+00
  0.15450000000007391E+02  0.12763558032569169E+00  0.60926035163820086E-01  0.18856161548951178E+00 -0.26908217946466245E+00  0.11941482226443928E-01 -0.25714069723821853E+00
  0.15500000000007452E+02  0.12693021546830210E+00  0.61255014369864851E-01  0.18818522983816696E+00 -0.26631250250512239E+00  0.12145395296753507E-01 -0.25416710720836888E+00
  0.15550000000007513E+02  0.12655843185066978E+00  0.61459073699176747E-01  0.18801750554984653E+00 -0.26491101222811814E+00  0.12305090163411265E-01 -0.25260592206470689E+00
  0.15600000000007574E+02  0.12658465842376293E+00  0.61534607691481287E-01  0.18811926611524421E+00 -0.26505277981615394E+00  0.12411573099672130E-01 -0.25264120671648183E+00
  0.15650000000007635E+02  0.12701716128861046E+00  0.61474463960313384E-01  0.18849162524892385E+00 -0.26676336120745392E+00  0.12455746824477986E-01 -0.25430761438297594E+00
  0.15700000000007696E+02  0.12780019579043109E+00  0.61270407217847898E-01  0.18907060300827899E+00 -0.26989070410285448E+00  0.12433166504782173E-01 -0.25745753759807233E+00
  0.15750000000007757E+02  0.12883934428896521E+00  0.60918642687858168E-01  0.18975798697682339E+00 -0.27416833839004418E+00  0.12347309810534484E-01 -0.26182102857950967E+00
  0.15800000000007818E+02  0.13005062714260426E+00  0.60424696070701944E-01  0.19047532321330621E+00 -0.27934361755412412E+00  0.12207278442577588E-01 -0.26713633911154655E+00
  0.15850000000007880E+02  0.13138666702668286E+00  0.59802847030229742E-01  0.19118951405691259E+00 -0.28524437315738504E+00  0.12023501933690055E-01 -0.27322087122369498E+00
  0.15900000000007941E+02  0.13283201248017973E+00  0.59072280755440680E-01  0.19190429323562042E+00 -0.29176949927701729E+00  0.11805712758213771E-01 -0.27996378651880349E+00
  0.15950000000008002E+02  0.13439003620472983E+00  0.58254283329311499E-01  0.19264431953404132E+00 -0.29886521661372883E+00  0.11561875410763166E-01 -0.28730334120296569E+00
  0.16000000000008061E+02  0.13605110324358086E+00  0.57370284402377403E-01  0.19342138764595826E+00 -0.30645067675883059E+00  0.11297620221004815E-01 -0.29515305653782575E+00
  0.16050000000007945E+02  0.13778741213247500E+00  0.56441568601164796E-01  0.19422898073363981E+00 -0.31440324938651076E+00  0.11015948386289300E-01 -0.30338730100022149E+00
  0.16100000000007828E+02  0.13959510624834431E+00  0.55489829587168304E-01  0.19508493583551262E+00 -0.32265767397956263E+00  0.10717546020556466E-01 -0.31194012795900616E+00
  0.16150000000007712E+02  0.14149980346838459E+00  0.54536077041304330E-01  0.19603588050968893E+00 -0.33121454830425223E+00  0.10403577650824629E-01 -0.32081097065342762E+00
  0.16200000000007595E+02  0.14352073129626822E+00  0.53600403226994837E-01  0.19712113452326305E+00 -0.34004865387743666E+00  0.10077928994725522E-01 -0.32997072488271112E+00
  0.16250000000007478E+02  0.14564469709872205E+00  0.52703883425046158E-01  0.19834858052376819E+00 -0.34904220952853471E+00  0.97470603785497073E-02 -0.33929514914998499E+00
  0.16300000000007362E+02  0.14781454643740444E+00  0.51870056440039308E-01  0.19968460287744375E+00 -0.35795367591681437E+00  0.94196113619623486E-02 -0.34853406455485203E+00
  0.16350000000007245E+02  0.14992705505847181E+00  0.51124480679812102E-01  0.20105153573828391E+00 -0.36641232000063478E+00  0.91062119133983946E-02 -0.35730610808723640E+00
  0.16400000000007129E+02  0.15184572811361227E+00  0.50492824161553714E-01  0.20233855227516598E+00 -0.37395624353813878E+00  0.88185627268819247E-02 -0.36513768081125686E+00
  0.16450000000007012E+02  0.15342539786472012E+00  0.49998621706559394E-01  0.20342401957127951E+00 -0.38010211151356610E+00  0.85680914812548345E-02 -0.37153402003231129E+00
  0.16500000000006896E+02  0.15453291317082349E+00  0.49661240570786552E-01  0.20419415374161004E+00 -0.38440535499886541E+00  0.83651085561812673E-02 -0.37604024644268413E+00
  0.16550000000006779E+02  0.15505376504810536E+00  0.49494287685468694E-01  0.20454805273357407E+00 -0.38648953325838653E+00  0.82187033991050745E-02 -0.37827082985928145E+00
  0.16600000000006663E+02  0.15489745865961910E+00  0.49504976954772427E-01  0.20440243561439153E+00 -0.38607440077398031E+00  0.81364982640067616E-02 -0.37793790250997356E+00
  0.16650000000006546E+02  0.15401593287249882E+00  0.49694335505477444E-01  0.20371026837797626E+00 -0.38302498476754404E+00  0.81236904238573028E-02 -0.37490129434368674E+00
  0.16700000000006430E+02  0.15243804109903514E+00  0.50057507691500157E-01  0.20249554879053530E+00 -0.37742831803382726E+00  0.81814693227924094E-02 -0.36924684871103486E+00
  0.16750000000006313E+02  0.15029400592287048E+00  0.50583588153670929E-01  0.20087759407654140E+00 -0.36964899541868962E+00  0.83058429095502987E-02 -0.36134315250913934E+00
  0.16800000000006197E+02  0.14778838374282177E+00  0.51255404303188715E-01  0.19904378804601047E+00 -0.36027027568317499E+00  0.84884809414022024E-02 -0.35178179474177279E+00
  0.16850000000006080E+02  0.14514088772970005E+00  0.52050427632830874E-01  0.19719131536253093E+00 -0.34995622995196463E+00  0.87189797222941411E-02 -0.34123725022967050E+00
  0.16900000000005964E+02  0.14254427906433159E+00  0.52942602508248525E-01  0.19548688157258012E+00 -0.33934097948527547E+00  0.89865468317568004E-02 -0.33035443265351866E+00
  0.16950000000005847E+02  0.14014469478194816E+00  0.53903775356337350E-01  0.19404847013828552E+00 -0.32896177011920757E+00  0.92808106792697034E-02 -0.31968095943993785E+00
  0.17000000000005731E+02  0.13803097325116656E+00  0.54904268418830601E-01  0.19293524166999715E+00 -0.31921527836199848E+00  0.95924110889170633E-02 -0.30962286727308141E+00
  0.17050000000005614E+02  0.13623534616141864E+00  0.55913593813147880E-01  0.19214893997456650E+00 -0.31034737347083835E+00  0.99132411070956810E-02 -0.30043413236374267E+00
  0.17100000000005497E+02  0.13473726898728308E+00  0.56901777405509023E-01  0.19163904639279211E+00 -0.30245206965784210E+00  0.10236656434646749E-01 -0.29221541322319533E+00
  0.17150000000005381E+02  0.13345745263033809E+00  0.57840554069386430E-01  0.19129800669972452E+00 -0.29544512684309188E+00  0.10558293065724370E-01 -0.28488683377736751E+00
  0.17200000000005264E+02  0.13227499696282974E+00  0.58704779332762060E-01  0.19097977629559179E+00 -0.28910120035317638E+00  0.10875776377263115E-01 -0.27822542397591327E+00
  0.17250000000005148E+02  0.13109305192774906E+00  0.59474300926359594E-01  0.19056735285410864E+00 -0.28322338536051056E+00  0.11185561379759342E-01 -0.27203782398075121E+00
  0.17300000000005031E+02  0.12990040257671212E+00  0.60134769491507541E-01  0.19003517206821965E+00 -0.27780862499402276E+00  0.11480191631163166E-01 -0.26632843336285961E+00
  0.17350000000004915E+02  0.12876962988724086E+00  0.60676923795560563E-01  0.18944655368280142E+00 -0.27305265999535899E+00  0.11749964101560508E-01 -0.26130269589379851E+00
  0.17400000000004798E+02  0.12780512400053715E+00  0.61095801625997086E-01  0.18890092562653424E+00 -0.26922694931311358E+00  0.11986947033696986E-01 -0.25724000227941662E+00
  0.17450000000004682E+02  0.12711489895961905E+00  0.61390045647409242E-01  0.18850494460702830E+00 -0.26661467263157407E+00  0.12184548983274380E-01 -0.25443012364829970E+00
  0.17500000000004565E+02  0.12679291352091773E+00  0.61558432420904710E-01  0.18835134594182246E+00 -0.26546673525842601E+00  0.12334707369356192E-01 -0.25313202788906980E+00
  0.17550000000004449E+02  0.12688695888049883E+00  0.61596074993601181E-01  0.18848303387410001E+00 -0.26591481262461009E+00  0.12427792941480529E-01 -0.25348701968312953E+00
  0.17600000000004332E+02  0.12738080306892388E+00  0.61494622119200093E-01  0.18887542518812397E+00 -0.26791735677641337E+00  0.12455613492938881E-01 -0.25546174328347449E+00
  0.17650000000004216E+02  0.12820072741874058E+00  0.61246291892140266E-01  0.18944701931088084E+00 -0.27126962371451629E+00  0.12416194655722954E-01 -0.25885342905879333E+00
  0.17700000000004099E+02  0.12924800093087968E+00  0.60849882282304951E-01  0.19009788321318463E+00 -0.27568846707598088E+00  0.12315560765995529E-01 -0.26337290630998533E+00
  0.17750000000003983E+02  0.13044469977740075E+00  0.60314176763247851E-01  0.19075887654064860E+00 -0.28093280298111867E+00  0.12163927832915086E-01 -0.26876887514820358E+00
  0.17800000000003866E+02  0.13175298651630721E+00  0.59655575191711892E-01  0.19140856170801909E+00 -0.28685153068172653E+00  0.11971663870856188E-01 -0.27487986681087034E+00
  0.17850000000003750E+02  0.13316626125142220E+00  0.58894166843878652E-01  0.19206042809530086E+00 -0.29336488792515714E+00  0.11748048957916483E-01 -0.28161683896724066E+00
  0.17900000000003633E+02  0.13468833628477608E+00  0.58051419737435585E-01  0.19273975602221166E+00 -0.30042210238935607E+00  0.11500416370541784E-01 -0.28892168601881429E+00
  0.17950000000003516E+02  0.13630483184423078E+00  0.57148778833485472E-01  0.19345361067771627E+00 -0.30793354420845548E+00  0.11233515702157703E-01 -0.29670002850629779E+00
  0.18000000000003400E+02  0.13799686960456897E+00  0.56207824448107610E-01  0.19420469405267660E+00 -0.31580078123076233E+00  0.10949217532337118E-01 -0.30485156369842520E+00
  0.18050000000003283E+02  0.13977663649406200E+00  0.55250112595770916E-01  0.19502674908983292E+00 -0.32399772899373963E+00  0.10647800010423860E-01 -0.31334992898331576E+00
  0.18100000000003167E+02  0.14167326859628970E+00  0.54295947483344327E-01  0.19596921607963402E+00 -0.33253113456718014E+00  0.10331099333166085E-01 -0.32220003523401408E+00
  0.18150000000003050E+02  0.14369518650012300E+00  0.53365102339443415E-01  0.19706028883956642E+00 -0.34134519305666694E+00  0.10003951986147274E-01 -0.33134124107051965E+00
  0.18200000000002934E+02  0.14581036039892473E+00  0.52479026342460419E-01  0.19828938674138513E+00 -0.35027090100776753E+00  0.96737385532516887E-02 -0.34059716245451582E+00
  0.18250000000002817E+02  0.14794174814895472E+00  0.51661914532608696E-01  0.19960366268156343E+00 -0.35901257184268826E+00  0.93499660653850996E-02 -0.34966260577730318E+00
  0.18300000000002701E+02  0.14997390856256018E+00  0.50939754257630560E-01  0.20091366282019074E+00 -0.36716596931516210E+00  0.90437102405849443E-02 -0.35812225907457718E+00
  0.18350000000002584E+02  0.15176936211941214E+00  0.50338012636638521E-01  0.20210737475605067E+00 -0.37426604706322647E+00  0.87665289312781700E-02 -0.36549951813194831E+00
  0.18400000000002468E+02  0.15318857237655953E+00  0.49879287427067133E-01  0.20306785980362665E+00 -0.37984554879218480E+00  0.85294057894257976E-02 -0.37131614300275900E+00
  0.18450000000002351E+02  0.15410308849221874E+00  0.49581482878181878E-01  0.20368457137040061E+00 -0.38347744114447990E+00  0.83423001984689726E-02 -0.37513514094601091E+00
  0.18500000000002235E+02  0.15440112481657392E+00  0.49456614215314179E-01  0.20385773903188809E+00 -0.38480215001526613E+00  0.82140574908504960E-02 -0.37658809252441561E+00
  0.18550000000002118E+02  0.15399831889960561E+00  0.49510470309286833E-01  0.20350878920889243E+00 -0.38356660933228653E+00  0.81518972229008245E-02 -0.37541471210938571E+00
  0.18600000000002002E+02  0.15286414367019838E+00  0.49742899028161390E-01  0.20260704269835977E+00 -0.37968879833241098E+00  0.81601623063922903E-02 -0.37152863602601871E+00
  0.18650000000001885E+02  0.15105997414457162E+00  0.50147951224216288E-01  0.20120792536878790E+00 -0.37334199563744214E+00  0.82385731320019848E-02 -0.36510342250544014E+00
  0.18700000000001769E+02  0.14874855701240353E+00  0.50713396374984683E-01  0.19946195338738820E+00 -0.36497793217688140E+00  0.83815495316350210E-02 -0.35659638264524640E+00
  0.18750000000001652E+02  0.14614682698639131E+00  0.51420578965633346E-01  0.19756740595202466E+00 -0.35522135556370754E+00  0.85798825197422705E-02 -0.34664147304396525E+00
  0.18800000000001535E+02  0.14346642437945495E+00  0.52245736150595190E-01  0.19571216053005014E+00 -0.34472731508583226E+00  0.88231252624754140E-02 -0.33590418982335685E+00
  0.18850000000001419E+02  0.14088443676030718E+00  0.53162010694370772E-01  0.19404644745467794E+00 -0.33409670973942246E+00  0.91007707724079651E-02 -0.32499593896701451E+00
  0.18900000000001302E+02  0.13853247698990070E+00  0.54140757437253009E-01  0.19267323442715373E+00 -0.32383050892086235E+00  0.94026716873810961E-02 -0.31442783723348128E+00
  0.18950000000001186E+02  0.13648735406657259E+00  0.55151924846772976E-01  0.19163927891334556E+00 -0.31429227040745772E+00  0.97195841634185199E-02 -0.30457268624403921E+00
  0.19000000000001069E+02  0.13477108212452629E+00  0.56164808834500229E-01  0.19093589095902652E+00 -0.30569769807554609E+00  0.10043493107950833E-01 -0.29565420496759526E+00
  0.19050000000000953E+02  0.13335176416507144E+00  0.57149434554427558E-01  0.19050119871949900E+00 -0.29810499821531039E+00  0.10368009923894653E-01 -0.28773698829141575E+00
  0.19100000000000836E+02  0.13213823414105602E+00  0.58077789558278962E-01  0.19021602369933499E+00 -0.29138993014380887E+00  0.10689205107293445E-01 -0.28070072503651544E+00
  0.19150000000000720E+02  0.13101124224414246E+00  0.58925504224312364E-01  0.18993674646845482E+00 -0.28532103322599228E+00  0.11004508024792194E-01 -0.27431652520120009E+00
  0.19200000000000603E+02  0.12989342816959867E+00  0.59673557282591022E-01  0.18956698545218970E+00 -0.27974257434246458E+00  0.11309437122027997E-01 -0.26843313722043660E+00
  0.19250000000000487E+02  0.12879499787204873E+00  0.60308940053094222E-01  0.18910393792514296E+00 -0.27470198993719580E+00  0.11596011936060609E-01 -0.26310597800113517E+00
  0.19300000000000370E+02  0.12780200478585141E+00  0.60824061012029709E-01  0.18862606579788110E+00 -0.27043010266509820E+00  0.11854668634953486E-01 -0.25857543403014471E+00
  0.19350000000000254E+02  0.12702180130518648E+00  0.61215280828405015E-01  0.18823708213359150E+00 -0.26720864000290973E+00  0.12077682369660697E-01 -0.25513095763324900E+00
  0.19400000000000137E+02  0.12655115646863993E+00  0.61481151758915636E-01  0.18803230822755557E+00 -0.26529419748110550E+00  0.12258546385800064E-01 -0.25303565109530546E+00
  0.19450000000000021E+02  0.12646176468236617E+00  0.61619190924947005E-01  0.18808095560731317E+00 -0.26488117136686579E+00  0.12389374739732815E-01 -0.25249179662713295E+00
  0.19499999999999904E+02  0.12678109830548007E+00  0.61623500512903412E-01  0.18840459881838348E+00 -0.26604658584478430E+00  0.12460883109431173E-01 -0.25358570273535314E+00
  0.19549999999999788E+02  0.12747781035196745E+00  0.61485713930928915E-01  0.18896352428289637E+00 -0.26870451847605376E+00  0.12466083708191293E-01 -0.25623843476786246E+00
  0.19599999999999671E+02  0.12846884330917044E+00  0.61199299944982154E-01  0.18966814325415260E+00 -0.27262087717137656E+00  0.12405028233858903E-01 -0.26021584893751765E+00
  0.19649999999999554E+02  0.12965841187229485E+00  0.60765323421074741E-01  0.19042373529336959E+00 -0.27751617318083260E+00  0.12285125186307812E-01 -0.26523104799452479E+00
  0.19699999999999438E+02  0.13097978354816611E+00  0.60194621592289457E-01  0.19117440514045558E+00 -0.28317381612565717E+00  0.12116907443919035E-01 -0.27105690868173815E+00
  0.19749999999999321E+02  0.13240462703932349E+00  0.59504880476132144E-01  0.19190950751545563E+00 -0.28946391772105323E+00  0.11910731050862244E-01 -0.27755318667019097E+00
  0.19799999999999205E+02  0.13393336632666181E+00  0.58717105533530559E-01  0.19265047186019235E+00 -0.29632578604890658E+00  0.11675475405136169E-01 -0.28465031064377039E+00
  0.19849999999999088E+02  0.13556782235510065E+00  0.57853181777653591E-01  0.19342100413275423E+00 -0.30370730627327969E+00  0.11417776720599080E-01 -0.29228952955268062E+00
  0.19899999999998972E+02  0.13728562942216635E+00  0.56934692639267433E-01  0.19422032206143378E+00 -0.31150113507600147E+00  0.11141760838262800E-01 -0.30035937423773867E+00
  0.19949999999998855E+02  0.13906944637487625E+00  0.55983478647639716E-01  0.19505292502251598E+00 -0.31961244412692291E+00  0.10848877624452871E-01 -0.30876356650247005E+00
  0.19999999999998739E+02  0.14093490038031783E+00  0.55021093396131392E-01  0.19595599377644923E+00 -0.32802180458034458E+00  0.10539830368835393E-01 -0.31748197421150920E+00
  0.20049999999998622E+02  0.14290704233867052E+00  0.54067820787151555E-01  0.19697486312582208E+00 -0.33672320739261863E+00  0.10217467986214642E-01 -0.32650573940640398E+00
  0.20099999999998506E+02  0.14498910603914955E+00  0.53144000667260320E-01  0.19813310670640988E+00 -0.34564457318605596E+00  0.98872915839112695E-02 -0.33575728160214469E+00
  0.20149999999998389E+02  0.14714528426088411E+00  0.52271975795673428E-01  0.19941726005655752E+00 -0.35460307222028403E+00  0.95569195293245292E-02 -0.34504615269095951E+00
  0.20199999999998273E+02  0.14929184370564019E+00  0.51476403942380324E-01  0.20076824764802051E+00 -0.36328145450521332E+00  0.92360549681392637E-02 -0.35404539953707403E+00
  0.20249999999998156E+02  0.15130271852100446E+00  0.50782892711835857E-01  0.20208561123284033E+00 -0.37124587865471903E+00  0.89359896711277940E-02 -0.36230988898359123E+00
  0.20299999999998040E+02  0.15303116977624970E+00  0.50215911795224021E-01  0.20324708157147373E+00 -0.37800806617104332E+00  0.86683632695633440E-02 -0.36933970290147999E+00
  0.20349999999997923E+02  0.15433570102222424E+00  0.49796778815714239E-01  0.20413247983793847E+00 -0.38309828094671872E+00  0.84440009801753525E-02 -0.37465427996654338E+00
  0.20399999999997807E+02  0.15509283694193945E+00  0.49541875188895149E-01  0.20463471213083462E+00 -0.38610766176989636E+00  0.82725085617302435E-02 -0.37783515320816613E+00
  0.20449999999997690E+02  0.15519978490817432E+00  0.49461505744169978E-01  0.20466129065234429E+00 -0.38670978270170853E+00  0.81622040538130332E-02 -0.37854757864789551E+00
  0.20499999999997573E+02  0.15458536852608210E+00  0.49559769010515252E-01  0.20414513753659735E+00 -0.38469684766619966E+00  0.81195261430589399E-02 -0.37657732152314072E+00
  0.20549999999997457E+02  0.15323945929726218E+00  0.49834901269889625E-01  0.20307436056715181E+00 -0.38004686850523256E+00  0.81476760983138375E-02 -0.37189919240691871E+00
  0.20599999999997340E+02  0.15124831377562231E+00  0.50279276811841862E-01  0.20152759058746417E+00 -0.37300191911288783E+00  0.82450403052383887E-02 -0.36475687880764945E+00
  0.20649999999997224E+02  0.14879186337345562E+00  0.50878995394782141E-01  0.19967085876823776E+00 -0.36406531363004402E+00  0.84050308412247782E-02 -0.35566028278881923E+00
  0.20699999999997107E+02  0.14609179320300861E+00  0.51614187834150303E-01  0.19770598103715892E+00 -0.35388510920815219E+00  0.86179644488031098E-02 -0.34526714475934911E+00
  0.20749999999996991E+02  0.14335804917785755E+00  0.52460568739133941E-01  0.19581861791699148E+00 -0.34312199713675418E+00  0.88731863724630378E-02 -0.33424881076429114E+00
  0.20799999999996874E+02  0.14076048947876177E+00  0.53391126057944181E-01  0.19415161553670596E+00 -0.33236356307767967E+00  0.91601813634237875E-02 -0.32320338171425589E+00
  0.20849999999996758E+02  0.13841618466970707E+00  0.54377001868503021E-01  0.19279318653821009E+00 -0.32207448962230778E+00  0.94691379991424501E-02 -0.31260535162316533E+00
  0.20899999999996641E+02  0.13638644968725885E+00  0.55387992956695560E-01  0.19177444264395441E+00 -0.31257673266015967E+00  0.97912674687267477E-02 -0.30278546519143290E+00
  0.20949999999996525E+02  0.13468121886549134E+00  0.56393597462391781E-01  0.19107481632788312E+00 -0.30405068468066054E+00  0.10118912360251005E-01 -0.29393177232040951E+00
  0.20999999999996408E+02  0.13325521653965203E+00  0.57364318267287773E-01  0.19061953480693980E+00 -0.29651345861240552E+00  0.10446186276961755E-01 -0.28606727233544377E+00
  0.21049999999996292E+02  0.13200675312479493E+00  0.58272880351873231E-01  0.19027963347666815E+00 -0.28980541792860071E+00  0.10769650367716828E-01 -0.27903576756088388E+00
  0.21099999999996175E+02  0.13082132764569193E+00  0.59096035338462700E-01  0.18991736298415463E+00 -0.28369925859615630E+00  0.11086529679005502E-01 -0.27261272891715083E+00
  0.21149999999996059E+02  0.12964375706321482E+00  0.59816198771598057E-01  0.18945995583481287E+00 -0.27809069125807712E+00  0.11391223304238161E-01 -0.26669946795383898E+00
  0.21199999999995942E+02  0.12851469007905919E+00  0.60421615090499738E-01  0.18893630516955892E+00 -0.27310136951680136E+00  0.11674262976051552E-01 -0.26142710654074980E+00
  0.21249999999995826E+02  0.12753161495874887E+00  0.60905060542035115E-01  0.18843667550078400E+00 -0.26898752516882873E+00  0.11926138398131860E-01 -0.25706138677069690E+00
  0.21299999999995709E+02  0.12679399448104117E+00  0.61263102908576721E-01  0.18805709738961790E+00 -0.26600885939769864E+00  0.12140230197466503E-01 -0.25386862920023212E+00
  0.21349999999995593E+02  0.12639142215604715E+00  0.61494593646409537E-01  0.18788601580245667E+00 -0.26440423877946684E+00  0.12310212471120114E-01 -0.25209402630834671E+00
  0.21399999999995476E+02  0.12638921100056630E+00  0.61596781834374094E-01  0.18798599283494039E+00 -0.26435242580879759E+00  0.12427577163863446E-01 -0.25192484864493414E+00
  0.21449999999995359E+02  0.12680192334639884E+00  0.61563141246587252E-01  0.18836506459298608E+00 -0.26589641385842550E+00  0.12483013514437796E-01 -0.25341340034398768E+00
  0.21499999999995243E+02  0.12758474059883471E+00  0.61385388762934402E-01  0.18897012936176910E+00 -0.26891264215484556E+00  0.12470759907603060E-01 -0.25644188224724251E+00
  0.21549999999995126E+02  0.12864785700845741E+00  0.61058496131474287E-01  0.18970635313993170E+00 -0.27314528694397050E+00  0.12392856617554196E-01 -0.26075243032641632E+00
  0.21599999999995010E+02  0.12989400931108436E+00  0.60585994625923345E-01  0.19048000393700770E+00 -0.27830655611788246E+00  0.12258354410503604E-01 -0.26604820170737886E+00
  0.21649999999994893E+02  0.13125849301585771E+00  0.59980925362029952E-01  0.19123941837788766E+00 -0.28418086551886423E+00  0.12078422648749663E-01 -0.27210244287011459E+00
  0.21699999999994777E+02  0.13271980661322905E+00  0.59262349226097702E-01  0.19198215583932676E+00 -0.29065306335816549E+00  0.11863227542013733E-01 -0.27878983581615174E+00
  0.21749999999994660E+02  0.13428320743711980E+00  0.58451867070864187E-01  0.19273507450798399E+00 -0.29767452376868081E+00  0.11621111728958848E-01 -0.28605341203972195E+00
  0.21799999999994544E+02  0.13594372757692599E+00  0.57571334288662970E-01  0.19351506186558898E+00 -0.30517708144878908E+00  0.11358249103998307E-01 -0.29381883234479078E+00
  0.21849999999994427E+02  0.13767401160720980E+00  0.56642390453069708E-01  0.19431640206027950E+00 -0.31304151639957095E+00  0.11078200419297215E-01 -0.30196331598027376E+00
  0.21899999999994311E+02  0.13946451167250909E+00  0.55687091940662500E-01  0.19515160361317158E+00 -0.32119137392406072E+00  0.10781928967925208E-01 -0.31040944495613554E+00
  0.21949999999994194E+02  0.14133851325198671E+00  0.54726849232868732E-01  0.19606536248485545E+00 -0.32962360115424943E+00  0.10470364395095848E-01 -0.31915323675915358E+00
  0.21999999999994078E+02  0.14331949819969375E+00  0.53781833945238264E-01  0.19710133214493203E+00 -0.33832473770891353E+00  0.10146999562646315E-01 -0.32817773814626722E+00
  0.22049999999993961E+02  0.14540086051300613E+00  0.52872772024492816E-01  0.19827363253749894E+00 -0.34719446668692289E+00  0.98179672063494691E-02 -0.33737649948057341E+00
  0.22099999999993845E+02  0.14753064177443839E+00  0.52022616064285473E-01  0.19955325783872385E+00 -0.35600577364015007E+00  0.94916099659609256E-02 -0.34651416367418914E+00
  0.22149999999993728E+02  0.14960850239657003E+00  0.51256457373746657E-01  0.20086495977031668E+00 -0.36439655261626208E+00  0.91783331137540100E-02 -0.35521821950250809E+00
  0.22199999999993612E+02  0.15149962076603063E+00  0.50599930983245250E-01  0.20209955174927588E+00 -0.37190959793207989E+00  0.88897224502898393E-02 -0.36301987548179004E+00
  0.22249999999993495E+02  0.15305878533438488E+00  0.50076946647601796E-01  0.20313573198198667E+00 -0.37806116351356650E+00  0.86372168301266841E-02 -0.36942394668343981E+00
  0.22299999999993378E+02  0.15415129793308344E+00  0.49707583806731931E-01  0.20385888173981537E+00 -0.38240217849998315E+00  0.84312024960440397E-02 -0.37397097600393908E+00
  0.22349999999993262E+02  0.15466017746201877E+00  0.49506438320052339E-01  0.20416661578207110E+00 -0.38454797449538525E+00  0.82808413932404148E-02 -0.37626713310214482E+00
  0.22399999999993145E+02  0.15448922242741042E+00  0.49481787528185786E-01  0.20397100995559619E+00 -0.38420026554689529E+00  0.81939558963603672E-02 -0.37600630965053494E+00
  0.22449999999993029E+02  0.15357943048666825E+00  0.49635723278062309E-01  0.20321515376473057E+00 -0.38119381000493635E+00  0.81762419611887509E-02 -0.37301756804374758E+00
  0.22499999999992912E+02  0.15194470305466665E+00  0.49964621123738770E-01  0.20190932417840540E+00 -0.37557640558408789E+00  0.82297023496749940E-02 -0.36734670323441287E+00
  0.22549999999992796E+02  0.14970337037828135E+00  0.50459090481890685E-01  0.20016246086017203E+00 -0.36767906199656208E+00  0.83511614799050733E-02 -0.35932790051665703E+00
  0.22599999999992679E+02  0.14705883870840716E+00  0.51103493342958578E-01  0.19816233205136574E+00 -0.35807548274231210E+00  0.85326995852117449E-02 -0.34954278315710036E+00
  0.22649999999992563E+02  0.14423767533926710E+00  0.51876395885230721E-01  0.19611407122449781E+00 -0.34743976188081094E+00  0.87639918973699445E-02 -0.33867576998344101E+00
  0.22699999999992446E+02  0.14144064616351965E+00  0.52752314269279475E-01  0.19419296043279913E+00 -0.33642050882384134E+00  0.90343093559697302E-02 -0.32738619946787162E+00
  0.22749999999992330E+02  0.13882329443811753E+00  0.53703462062291457E-01  0.19252675650040899E+00 -0.32557437592373589E+00  0.93332756992159926E-02 -0.31624110022451990E+00
  0.22799999999992213E+02  0.13648865091274504E+00  0.54700532087423218E-01  0.19118918300016824E+00 -0.31533074563582636E+00  0.96512124054354709E-02 -0.30567953323039088E+00
  0.22849999999992097E+02  0.13448596548520980E+00  0.55713146640218515E-01  0.19019911212542831E+00 -0.30597806687370099E+00  0.99793990942655571E-02 -0.29599866777943545E+00
  0.22899999999991980E+02  0.13281316947233332E+00  0.56710922064547808E-01  0.18952409153688113E+00 -0.29766030016492351E+00  0.10310329227053588E-01 -0.28734997093786990E+00
  0.22949999999991864E+02  0.13141070978189037E+00  0.57664740911307293E-01  0.18907545069319767E+00 -0.29034863669685568E+00  0.10638557200105139E-01 -0.27971007949675053E+00
  0.22999999999991747E+02  0.13017071060805613E+00  0.58548198719221539E-01  0.18871890932727767E+00 -0.28385582558270905E+00  0.10960828807544020E-01 -0.27289499677516504E+00
  0.23049999999991631E+02  0.12899428484412007E+00  0.59339476965012621E-01  0.18833376180913269E+00 -0.27798260642619088E+00  0.11273536422079318E-01 -0.26670907000411154E+00
  0.23099999999991514E+02  0.12785310295422928E+00  0.60022631014122425E-01  0.18787573396835169E+00 -0.27268374541248552E+00  0.11570110486956465E-01 -0.26111363492552908E+00
  0.23149999999991397E+02  0.12680939552248235E+00  0.60587742695765022E-01  0.18739713821824738E+00 -0.26813042793323005E+00  0.11840910409329317E-01 -0.25628951752390072E+00
  0.23199999999991281E+02  0.12596775991432166E+00  0.61029234453912763E-01  0.18699699436823441E+00 -0.26459502397319051E+00  0.12076978470763547E-01 -0.25251804550242696E+00
  0.23249999999991164E+02  0.12542025024595616E+00  0.61344270905004480E-01  0.18676452115096065E+00 -0.26231881428941511E+00  0.12272143426405846E-01 -0.25004667086300925E+00
  0.23299999999991048E+02  0.12523855760647479E+00  0.61530877791877325E-01  0.18676943539835211E+00 -0.26149646311255847E+00  0.12420069926943554E-01 -0.24907639318561492E+00
  0.23349999999990931E+02  0.12546838839245614E+00  0.61585098523871076E-01  0.18705348691632723E+00 -0.26225671192910427E+00  0.12512038464775652E-01 -0.24974467346432860E+00
  0.23399999999990815E+02  0.12610741360186131E+00  0.61500024647488438E-01  0.18760743824934975E+00 -0.26459588061557593E+00  0.12539318852198505E-01 -0.25205656176337743E+00
  0.23449999999990698E+02  0.12709701511513227E+00  0.61268389317438346E-01  0.18836540443257060E+00 -0.26834920282901509E+00  0.12498283612408944E-01 -0.25585091921660613E+00
  0.23499999999990582E+02  0.12834371893980639E+00  0.60887761852166343E-01  0.18923148079197274E+00 -0.27324539326579128E+00  0.12393441559935239E-01 -0.26085195170585607E+00
  0.23549999999990465E+02  0.12975998605034664E+00  0.60364857476460275E-01  0.19012484352680692E+00 -0.27901474873842180E+00  0.12235038467777903E-01 -0.26677971027064390E+00
  0.23599999999990349E+02  0.13129440756193639E+00  0.59715079994065882E-01  0.19100948755600228E+00 -0.28546882893153847E+00  0.12034399150923213E-01 -0.27343442978061527E+00
  0.23649999999990232E+02  0.13293642338056447E+00  0.58958957504389065E-01  0.19189538088495353E+00 -0.29251751561958717E+00  0.11801332748074177E-01 -0.28071618287151301E+00
  0.23699999999990116E+02  0.13469160218197171E+00  0.58118754042828395E-01  0.19281035622480011E+00 -0.30011459117369504E+00  0.11543477316899236E-01 -0.28857111385679579E+00
  0.23749999999989999E+02  0.13653983136199915E+00  0.57216326335942133E-01  0.19375615769794130E+00 -0.30815569588944419E+00  0.11266376098121821E-01 -0.29688931979132238E+00
  0.23799999999989883E+02  0.13844560432862663E+00  0.56273529446386764E-01  0.19471913377501338E+00 -0.31650144725808055E+00  0.10972995727562673E-01 -0.30552845153051789E+00
  0.23849999999989766E+02  0.14040384505779224E+00  0.55312680943430829E-01  0.19571652600122308E+00 -0.32508516403010773E+00  0.10664332696399680E-01 -0.31442083133370807E+00
  0.23899999999989650E+02  0.14243672795323725E+00  0.54355230349661943E-01  0.19679195830289919E+00 -0.33389882193941478E+00  0.10342417534406994E-01 -0.32355640440500777E+00
  0.23949999999989533E+02  0.14455923877670582E+00  0.53421969304695144E-01  0.19798120808140096E+00 -0.34290456207939035E+00  0.10011927846346079E-01 -0.33289263423304427E+00
  0.23999999999989416E+02  0.14675452202736461E+00  0.52534972991674950E-01  0.19928949501903956E+00 -0.35197181535201333E+00  0.96797166668019137E-02 -0.34229209868521143E+00
  0.24049999999989300E+02  0.14895810038900723E+00  0.51718424320336624E-01  0.20067652470934386E+00 -0.36083590387433268E+00  0.93547144993345356E-02 -0.35148118937499812E+00
  0.24099999999989183E+02  0.15105598096226908E+00  0.50997755169941386E-01  0.20205373613221045E+00 -0.36909502137681349E+00  0.90478194935644744E-02 -0.36004720188324901E+00
  0.24149999999989067E+02  0.15290290246265162E+00  0.50397837615306681E-01  0.20330074007795829E+00 -0.37626373054961110E+00  0.87707753721295960E-02 -0.36749295517748148E+00
  0.24199999999988950E+02  0.15435095990605022E+00  0.49940891725268367E-01  0.20429185163131858E+00 -0.38185308006995622E+00  0.85347753610099438E-02 -0.37331830470894628E+00
  0.24249999999988834E+02  0.15527022294798853E+00  0.49644528454700611E-01  0.20491475140268914E+00 -0.38543189962998192E+00  0.83497001735284293E-02 -0.37708219945645349E+00
  0.24299999999988717E+02  0.15555371073127564E+00  0.49520314145520994E-01  0.20507402487679663E+00 -0.38665347607902811E+00  0.82240221869184990E-02 -0.37842945389210964E+00
  0.24349999999988601E+02  0.15512215029268736E+00  0.49573369910071351E-01  0.20469552020275872E+00 -0.38527981746423240E+00  0.81645269266689274E-02 -0.37711529053756349E+00
  0.24399999999988484E+02  0.15394434475654203E+00  0.49802779071594513E-01  0.20374712382813653E+00 -0.38123155392541008E+00  0.81753257613547785E-02 -0.37305622816405531E+00
  0.24449999999988368E+02  0.15207279202874263E+00  0.50201975770383635E-01  0.20227476779912626E+00 -0.37466528725472953E+00  0.82563238969156419E-02 -0.36640896335781387E+00
  0.24499999999988251E+02  0.14966043931224940E+00  0.50758578765284224E-01  0.20041901807753362E+00 -0.36601127479507883E+00  0.84023676068807479E-02 -0.35760890718819810E+00
  0.24549999999988135E+02  0.14692443016288240E+00  0.51454335909513982E-01  0.19837876607239638E+00 -0.35589446196853580E+00  0.86044051328786845E-02 -0.34729005683565711E+00
  0.24599999999988018E+02  0.14408718735487866E+00  0.52266247107553190E-01  0.19635343446243186E+00 -0.34499574192284960E+00  0.88517216833012610E-02 -0.33614402023954831E+00
  0.24649999999987902E+02  0.14133567561837607E+00  0.53168237975972192E-01  0.19450391359434827E+00 -0.33393993628250768E+00  0.91335595134161996E-02 -0.32480637676909146E+00
  0.24699999999987785E+02  0.13880279272279955E+00  0.54132223181201963E-01  0.19293501590400153E+00 -0.32322990235391158E+00  0.94399285556200710E-02 -0.31378997379829149E+00
  0.24749999999987669E+02  0.13656502879450219E+00  0.55128676343673390E-01  0.19169370513817557E+00 -0.31322612503680819E+00  0.97618631709447106E-02 -0.30346426186586350E+00
  0.24799999999987552E+02  0.13464865864584735E+00  0.56127480677537187E-01  0.19077613932338455E+00 -0.30415322793241056E+00  0.10091366668828015E-01 -0.29406186126358252E+00
  0.24849999999987435E+02  0.13302828104883460E+00  0.57099119947984681E-01  0.19012740099681930E+00 -0.29608599780907602E+00  0.10421882307335550E-01 -0.28566411550174048E+00
  0.24899999999987319E+02  0.13162059169394053E+00  0.58015882471421580E-01  0.18963647416536211E+00 -0.28892161434967634E+00  0.10749214610400855E-01 -0.27817239973927549E+00
  0.24949999999987202E+02  0.13031274205317814E+00  0.58853526068023243E-01  0.18916626812120138E+00 -0.28244607693228113E+00  0.11070638930762083E-01 -0.27137543800151903E+00
  0.24999999999987086E+02  0.12903344603621791E+00  0.59593169135116079E-01  0.18862661517133400E+00 -0.27651971424899452E+00  0.11381358278167299E-01 -0.26513835597082724E+00
  0.25049999999986969E+02  0.12780727243133694E+00  0.60221697343077585E-01  0.18802896977441452E+00 -0.27122445304981169E+00  0.11672157277136112E-01 -0.25955229577267558E+00
  0.25099999999986853E+02  0.12672677762336498E+00  0.60730304404362091E-01  0.18745708202772707E+00 -0.26680143467646461E+00  0.11932762653297528E-01 -0.25486867202316710E+00
  0.25149999999986736E+02  0.12588949782078734E+00  0.61113961908951485E-01  0.18700345972973884E+00 -0.26350171506067777E+00  0.12156096445229237E-01 -0.25134561861544852E+00
  0.25199999999986620E+02  0.12538393535046211E+00  0.61370981009835505E-01  0.18675491636029762E+00 -0.26155965137720932E+00  0.12336329640090187E-01 -0.24922332173711914E+00
  0.25249999999986503E+02  0.12528334450652762E+00  0.61499387745975569E-01  0.18678273225250319E+00 -0.26117597809346221E+00  0.12465511369747027E-01 -0.24871046672371519E+00
  0.25299999999986387E+02  0.12561635551982273E+00  0.61493628339144790E-01  0.18710998385896752E+00 -0.26243436475680298E+00  0.12534192020663899E-01 -0.24990017273613910E+00
  0.25349999999986270E+02  0.12635403974907697E+00  0.61345729458267648E-01  0.18769976920734460E+00 -0.26525790262863774E+00  0.12535150946234294E-01 -0.25272275168240343E+00
  0.25399999999986154E+02  0.12741956128747065E+00  0.61049681793288305E-01  0.18846924308075896E+00 -0.26942758631515112E+00  0.12468117788764973E-01 -0.25695946852638613E+00
  0.25449999999986037E+02  0.12871400173903860E+00  0.60606766362191755E-01  0.18932076810123036E+00 -0.27465165480750225E+00  0.12340898872229947E-01 -0.26231075593527231E+00
  0.25499999999985921E+02  0.13015836099164413E+00  0.60027959821469599E-01  0.19018632081311374E+00 -0.28067752431132531E+00  0.12164925507420885E-01 -0.26851259880390443E+00
  0.25549999999985804E+02  0.13171802025751558E+00  0.59331357262599950E-01  0.19104937752011553E+00 -0.28735585506790623E+00  0.11950969470339587E-01 -0.27540488559756665E+00
  0.25599999999985688E+02  0.13339300506092300E+00  0.58538410082199739E-01  0.19193141514312273E+00 -0.29462213490174693E+00  0.11707936783764056E-01 -0.28291419811798291E+00
  0.25649999999985571E+02  0.13517932438719071E+00  0.57671208218508019E-01  0.19285053260569873E+00 -0.30240718289062568E+00  0.11442750499041731E-01 -0.29096443239158393E+00
  0.25699999999985454E+02  0.13704419726859765E+00  0.56751477888741124E-01  0.19379567515733878E+00 -0.31057617954657879E+00  0.11160001196730523E-01 -0.29941617834984824E+00
  0.25749999999985338E+02  0.13896346637091128E+00  0.55801449430110769E-01  0.19476491580102206E+00 -0.31901696931140916E+00  0.10861390877793099E-01 -0.30815557843361607E+00
  0.25799999999985221E+02  0.14095118609247087E+00  0.54843247527572053E-01  0.19579443362004292E+00 -0.32770604542718301E+00  0.10547687670838414E-01 -0.31715835775634460E+00
  0.25849999999985105E+02  0.14303113121335551E+00  0.53897715002361866E-01  0.19692884621571738E+00 -0.33663331509470668E+00  0.10221938997417726E-01 -0.32641137609728893E+00
  0.25899999999984988E+02  0.14520292879233843E+00  0.52985822366352520E-01  0.19818875115869095E+00 -0.34571665694945924E+00  0.98900133646418129E-02 -0.33582664358481745E+00
  0.25949999999984872E+02  0.14742534533068258E+00  0.52130560072821110E-01  0.19955590540350368E+00 -0.35475867748481510E+00  0.95599214648323851E-02 -0.34519875601998273E+00
  0.25999999999984755E+02  0.14960844539708751E+00  0.51357000420248607E-01  0.20096544581733611E+00 -0.36342519400965401E+00  0.92417362443305423E-02 -0.35418345776532345E+00
  0.26049999999984639E+02  0.15162178999279691E+00  0.50690852389926176E-01  0.20231264238272309E+00 -0.37126980268146559E+00  0.89469858862869789E-02 -0.36232281679517864E+00
  0.26099999999984522E+02  0.15331743571506229E+00  0.50156259627678730E-01  0.20347369534274101E+00 -0.37780024455038241E+00  0.86873078896599169E-02 -0.36911293666072248E+00
  0.26149999999984406E+02  0.15455487683980393E+00  0.49773619965459391E-01  0.20432849680526333E+00 -0.38255030442428656E+00  0.84733298854316047E-02 -0.37407697453885497E+00
  0.26199999999984289E+02  0.15521394872280475E+00  0.49557859533748964E-01  0.20477180825655372E+00 -0.38512364356164575E+00  0.83142881476017012E-02 -0.37680935541404403E+00
  0.26249999999984173E+02  0.15519781753725395E+00  0.49517456860097675E-01  0.20471527439735163E+00 -0.38521551753315181E+00  0.82179498945887351E-02 -0.37699756763856307E+00
  0.26299999999984056E+02  0.15444308009448407E+00  0.49654453060677714E-01  0.20409753315516177E+00 -0.38264656983564616E+00  0.81900834488078597E-02 -0.37445648638683832E+00
  0.26349999999983940E+02  0.15294905953555998E+00  0.49965043361139411E-01  0.20291410289669939E+00 -0.37742980909266716E+00  0.82331739098434123E-02 -0.36919663518282375E+00
  0.26399999999983823E+02  0.15081347199550466E+00  0.50439908248095626E-01  0.20125338024360029E+00 -0.36984744628619265E+00  0.83448809822776176E-02 -0.36150256530391506E+00
  0.26449999999983707E+02  0.14822801885890685E+00  0.51063938071538410E-01  0.19929195693044527E+00 -0.36044171063581981E+00  0.85179194790805726E-02 -0.35192379115673922E+00
  0.26499999999983590E+02  0.14542315198119138E+00  0.51816430599808165E-01  0.19723958258099955E+00 -0.34989030565108065E+00  0.87420120578235849E-02 -0.34114829359325705E+00
  0.26549999999983473E+02  0.14261151573989544E+00  0.52672556009059290E-01  0.19528407174895474E+00 -0.33886639120655510E+00  0.90061174676085310E-02 -0.32986027373894655E+00
  0.26599999999983357E+02  0.13995769077907544E+00  0.53605028850203081E-01  0.19356271962927851E+00 -0.32794677571793479E+00  0.92996516363185611E-02 -0.31864712408161622E+00
  0.26649999999983240E+02  0.13756766350406088E+00  0.54584955412639712E-01  0.19215261891670060E+00 -0.31756704692987625E+00  0.96130289628583304E-02 -0.30795401796701793E+00
  0.26699999999983124E+02  0.13549200683367735E+00  0.55582379783722151E-01  0.19107438661739951E+00 -0.30801806567504902E+00  0.99377496408326604E-02 -0.29808031603421636E+00
  0.26749999999983007E+02  0.13373182971584671E+00  0.56567325070742358E-01  0.19029915478658907E+00 -0.29945248301287208E+00  0.10266452420557898E-01 -0.28918603059231418E+00
  0.26799999999982891E+02  0.13223315668007177E+00  0.57511044614556826E-01  0.18974420129462860E+00 -0.29185947376588167E+00  0.10593693618442427E-01 -0.28126578014743925E+00
  0.26849999999982774E+02  0.13089224570836677E+00  0.58387403720947965E-01  0.18927964942931474E+00 -0.28506815204567321E+00  0.10916307607642164E-01 -0.27415184443803103E+00
  0.26899999999982658E+02  0.12960726993186367E+00  0.59174735026553557E-01  0.18878200495841724E+00 -0.27887730317091131E+00  0.11231121224084189E-01 -0.26764618194682710E+00
  0.26949999999982541E+02  0.12834846296104577E+00  0.59857165227367969E-01  0.18820562818841374E+00 -0.27324083859862619E+00  0.11531463779387845E-01 -0.26170937481923834E+00
  0.26999999999982425E+02  0.12718012036431217E+00  0.60424050882796863E-01  0.18760417124710904E+00 -0.26833296378445742E+00  0.11807015294340254E-01 -0.25652594849011717E+00
  0.27049999999982308E+02  0.12620252342397079E+00  0.60868401237635934E-01  0.18707092466160671E+00 -0.26441026371692311E+00  0.12048769228652051E-01 -0.25236149448827105E+00
  0.27099999999982192E+02  0.12550503808008548E+00  0.61186832111737713E-01  0.18669187019182321E+00 -0.26170463834277435E+00  0.12250924642897443E-01 -0.24945371369987690E+00
  0.27149999999982075E+02  0.12516797939311120E+00  0.61378123730886504E-01  0.18654610312399769E+00 -0.26043331052392954E+00  0.12407131782062635E-01 -0.24802617874186692E+00
  0.27199999999981959E+02  0.12524666786145514E+00  0.61439133862483813E-01  0.18668580172393895E+00 -0.26075220927179843E+00  0.12508532085688390E-01 -0.24824367718611004E+00
  0.27249999999981842E+02  0.12574285328681933E+00  0.61363154627410495E-01  0.18710600791422982E+00 -0.26267237349972855E+00  0.12546190678252477E-01 -0.25012618282147608E+00
  0.27299999999981726E+02  0.12660356624084482E+00  0.61142753422530588E-01  0.18774631966337541E+00 -0.26604729176311120E+00  0.12515702506279980E-01 -0.25353158925683122E+00
